1.000000000 0.000000000 0.000000000 0.000000000 0.000000000 1.000000000 0.000000000 0.000000000 0.000000000 0.000000000 1.000000000 0.000000000
0.999039590 -0.000517286 0.043813866 0.044515695 0.000624005 0.999996901 -0.002422102 -0.019618489 -0.043812469 0.002447116 0.999036789 1.027465582
0.996022105 -0.004703750 0.088981755 0.136883527 0.005378349 0.999958575 -0.007343092 -0.039449170 -0.088943541 0.007792457 0.996006191 2.049067259
0.990912020 -0.003965099 0.134453028 0.271184206 0.005522729 0.999921858 -0.011213954 -0.063953593 -0.134398043 0.011854588 0.990856469 3.061264992
0.983551085 -0.001500942 0.180623516 0.451183885 0.004021073 0.999899626 -0.013587045 -0.090443820 -0.180584967 0.014089856 0.983458459 4.076074123
0.974020600 -0.004086889 0.226422206 0.687363505 0.007349247 0.999880970 -0.013567212 -0.120711982 -0.226339757 0.014878774 0.973934770 5.079532146
0.962342918 -0.004441801 0.271802008 0.958837390 0.008819645 0.999850273 -0.014887261 -0.150933489 -0.271695286 0.016723847 0.962238014 6.085812092
0.948810697 -0.007155567 0.315764248 1.284582734 0.013337680 0.999759257 -0.017421508 -0.184843868 -0.315563560 0.020741273 0.948677719 7.069093704
0.933607876 -0.008700046 0.358190715 1.656350970 0.016745178 0.999672174 -0.019364640 -0.214309797 -0.357904881 0.024076948 0.933447540 8.026876450
0.916320026 -0.008742837 0.400351226 2.067467690 0.018353753 0.999627888 -0.020178100 -0.247541010 -0.400025904 0.025837542 0.916139543 8.964310646
0.896717966 -0.009106897 0.442508668 2.511134624 0.019371720 0.999637783 -0.018682962 -0.282893956 -0.442178220 0.025325503 0.896569550 9.865883827
0.874944985 -0.009102000 0.484136790 3.010341167 0.020168079 0.999640822 -0.017654577 -0.324034214 -0.483802170 0.025210897 0.874814212 10.760005951
0.850917935 -0.009111675 0.525219619 3.545268536 0.020916589 0.999644279 -0.016545204 -0.356740594 -0.524882078 0.025064411 0.850805879 11.634914398
0.825423300 -0.009686544 0.564431131 4.130368233 0.022964887 0.999601185 -0.016429057 -0.399068236 -0.564046919 0.026523022 0.825316668 12.478225708
0.798090637 -0.011248865 0.602432430 4.738672256 0.026080828 0.999533534 -0.015887665 -0.433231831 -0.601972759 0.028391736 0.798011780 13.279879570
0.769301414 -0.010298224 0.638802826 5.406187057 0.026913624 0.999504864 -0.016298557 -0.467113167 -0.638318658 0.029731007 0.769197822 14.093587875
0.738794684 -0.013507813 0.673795164 6.083941460 0.031902906 0.999379218 -0.014945595 -0.497523278 -0.673175037 0.032537751 0.738767087 14.827398300
0.706743360 -0.012969258 0.707351148 6.828874588 0.032467432 0.999373078 -0.014116066 -0.532599390 -0.706724644 0.032942310 0.706721365 15.563291550
0.672622144 -0.011489376 0.739896894 7.580173492 0.033196591 0.999341309 -0.014660086 -0.567236423 -0.739241183 0.034422748 0.672560573 16.243751526
0.637192965 -0.012795308 0.770598114 8.382997513 0.038302816 0.999152303 -0.015081558 -0.589982986 -0.769751966 0.039125938 0.637142956 16.904827118
0.600415468 -0.011164543 0.799610317 9.174629211 0.038550369 0.999144197 -0.014996362 -0.618754268 -0.798758566 0.039829321 0.600331962 17.497806549
0.562632561 -0.009916766 0.826647460 10.026739120 0.041396875 0.999011576 -0.016191024 -0.649461389 -0.825669944 0.043330234 0.562486947 18.073520660
0.523655295 -0.008107418 0.851891637 10.868326187 0.045850333 0.998773694 -0.018678775 -0.675247014 -0.850695550 0.048840754 0.523384869 18.592033386
0.484832674 -0.007104415 0.874578059 11.767997742 0.047400780 0.998710752 -0.018164409 -0.703832150 -0.873321474 0.050262380 0.484544396 19.083169937
0.446307451 -0.008795929 0.894836366 12.667913437 0.052506521 0.998486400 -0.016373314 -0.727565527 -0.893337965 0.054292280 0.446093738 19.527374268
0.409793556 -0.009487496 0.912128985 13.613904953 0.056617573 0.998282373 -0.015053044 -0.756072700 -0.910419524 0.057811171 0.409626871 19.933086395
0.374649078 -0.007114863 0.927139401 14.545820236 0.058265004 0.998174727 -0.015884399 -0.785415947 -0.925334156 0.059970856 0.374379814 20.299390793
0.341244727 -0.008012767 0.939940333 15.511274338 0.058796979 0.998187423 -0.012836897 -0.809095263 -0.938133776 0.059646174 0.341097325 20.641765594
0.307738870 -0.009590500 0.951422513 16.507728577 0.061172307 0.998079956 -0.009725449 -0.833225012 -0.949502289 0.061193615 0.307734609 20.958038330
0.275135458 -0.009555392 0.961358011 17.495376587 0.061715763 0.998063743 -0.007742492 -0.855830491 -0.959422588 0.061461184 0.275192440 21.230356216
0.242837504 -0.006715009 0.970043719 18.499282837 0.058998588 0.998227060 -0.007859403 -0.879324555 -0.968271196 0.059139773 0.242803156 21.484737396
0.211919308 -0.005196604 0.977273285 19.529403687 0.058860578 0.998238385 -0.007455686 -0.895049214 -0.975513041 0.059102885 0.211851835 21.706989288
0.181289136 -0.005115001 0.983416557 20.562858582 0.060516279 0.998149395 -0.005964320 -0.915518522 -0.981566131 0.060593978 0.181263208 21.897623062
0.150665998 -0.005229543 0.988570809 21.637914658 0.062214721 0.998053968 -0.004202307 -0.927864730 -0.986625075 0.062136807 0.150698140 22.052383423
0.120263174 -0.005938637 0.992724299 22.721893311 0.060809486 0.998148441 -0.001395656 -0.941999316 -0.990877867 0.060534906 0.120401606 22.183368683
0.091221914 -0.006327365 0.995810509 23.812767029 0.061534908 0.998104692 0.000704995 -0.954673588 -0.993927598 0.061212797 0.091438375 22.276561737
0.064103365 -0.006136715 0.997924328 24.938079834 0.064210862 0.997934341 0.002012083 -0.959892333 -0.995875478 0.063948594 0.064364977 22.339653015
0.039082102 -0.005578657 0.999220431 26.062425613 0.068392791 0.997654259 0.002894893 -0.968143463 -0.996892691 0.068226337 0.039371971 22.375341415
0.016160866 -0.005157216 0.999856114 27.238948822 0.072533660 0.997358084 0.003971956 -0.971106231 -0.997234941 0.072459057 0.016492244 22.387620926
-0.003934542 -0.005304986 0.999978125 28.396020889 0.078255840 0.996917605 0.005596656 -0.971540213 -0.996925533 0.078276150 -0.003507268 22.375303268
-0.021189751 -0.005972029 0.999757648 29.576892853 0.082725264 0.996542573 0.007706177 -0.973609209 -0.996347070 0.082868487 -0.020622453 22.330532074
-0.036757853 -0.005887556 0.999306858 30.786497116 0.085925154 0.996260643 0.009030225 -0.973312318 -0.995623291 0.086197533 -0.036114521 22.276332855
-0.051040784 -0.006571011 0.998674929 31.987958908 0.088205904 0.996040821 0.011061751 -0.971087277 -0.994793653 0.088653624 -0.050259106 22.210289001
-0.064187154 -0.007548190 0.997909307 33.204544067 0.088426478 0.995994985 0.013221444 -0.966374397 -0.994012475 0.089090258 -0.063262627 22.125448227
-0.076320656 -0.007446049 0.997055471 34.410503387 0.088162705 0.996004999 0.014186710 -0.964339256 -0.993177950 0.088985845 -0.075359285 22.038570404
-0.087579697 -0.004852523 0.996145725 35.645904541 0.088110588 0.996030986 0.012598520 -0.961590528 -0.992253125 0.088874340 -0.086804539 21.935279846
-0.097656064 -0.001270676 0.995219529 36.881977081 0.088596053 0.996017814 0.009965198 -0.950919509 -0.991268873 0.089145690 -0.097154602 21.810834885
-0.107144013 0.001273734 0.994242609 38.157035828 0.089948200 0.995910883 0.008417347 -0.946002483 -0.990166366 0.090332225 -0.106820449 21.684984207
-0.114554085 0.002261899 0.993414462 39.447711945 0.089754008 0.995931149 0.008082217 -0.939162195 -0.989354253 0.090088770 -0.114290982 21.541011810
-0.120399550 0.002700523 0.992721796 40.756351471 0.089300983 0.995971680 0.008121260 -0.936162055 -0.988700747 0.089628831 -0.120155685 21.386402130
-0.125762880 0.004470737 0.992050171 42.080875397 0.090665236 0.995856762 0.007005802 -0.928041935 -0.987908602 0.090825535 -0.125647157 21.228269577
-0.130393296 0.005817921 0.991445303 43.421279907 0.089492232 0.995969892 0.005925403 -0.925874591 -0.987415195 0.089499280 -0.130388469 21.056074142
-0.134626240 0.006501671 0.990875065 44.789745331 0.090221785 0.995905280 0.005723394 -0.921164751 -0.986780643 0.090169035 -0.134661540 20.877815247
-0.137551770 0.005580788 0.990478814 46.186119080 0.089903548 0.995926738 0.006873780 -0.917008162 -0.986406028 0.089993067 -0.137493208 20.694665909
-0.140854999 0.003783106 0.990023017 47.624893188 0.090630405 0.995843172 0.009089046 -0.913614810 -0.985873163 0.091006413 -0.140612379 20.500963211
-0.142245099 0.002331828 0.989828706 49.027198792 0.090672784 0.995823383 0.010684346 -0.907537341 -0.985669672 0.091270320 -0.141862482 20.299762726
-0.144704223 0.002946163 0.989470601 50.462600708 0.092872240 0.995621443 0.010617534 -0.897449493 -0.985106885 0.093430735 -0.144344240 20.109180450
-0.145606458 0.003070913 0.989337802 51.924179077 0.092750579 0.995633304 0.010560173 -0.881758988 -0.984985352 0.093299277 -0.145255506 19.873329163
-0.146315545 0.004838986 0.989226222 53.404586792 0.094928533 0.995441794 0.009171403 -0.861306190 -0.984672666 0.095247701 -0.146108001 19.656269073
-0.146154284 0.004752883 0.989250481 54.900737762 0.094585359 0.995474279 0.009191489 -0.854988933 -0.984729648 0.094911985 -0.145942405 19.432098389
-0.145561233 0.006255422 0.989329457 56.416793823 0.094412021 0.995504200 0.007596489 -0.846096516 -0.984834135 0.094510339 -0.145497411 19.210866928
-0.144049525 0.006294755 0.989550471 57.949878693 0.094984248 0.995450556 0.007494634 -0.835044682 -0.985001385 0.095071308 -0.143992066 18.986022949
-0.142422140 0.004805041 0.989794314 59.496639252 0.094390579 0.995496809 0.008749198 -0.832580924 -0.985295057 0.094673343 -0.142234370 18.753414154
-0.141335994 0.005803677 0.989944637 61.082347870 0.095145576 0.995433152 0.007748234 -0.816872478 -0.985378861 0.095283970 -0.141242713 18.528182983
-0.140446767 0.006451211 0.990067184 62.670043945 0.094958320 0.995456755 0.006984059 -0.809488773 -0.985524058 0.094996005 -0.140421316 18.315528870
-0.139224678 0.006967158 0.990236223 64.277664185 0.096185260 0.995342076 0.006520321 -0.805811405 -0.985578418 0.096153937 -0.139246345 18.085121155
-0.138083667 0.006819056 0.990397036 65.915313721 0.095658801 0.995393097 0.006483537 -0.797254086 -0.985790133 0.095635481 -0.138099805 17.853269577
-0.137055174 0.005471613 0.990548313 67.561164856 0.097824469 0.995171249 0.008038132 -0.786825180 -0.985721171 0.098001532 -0.136928633 17.621540070
-0.136356533 0.003362609 0.990654111 69.216529846 0.099213190 0.995013118 0.010278590 -0.780266106 -0.985679269 0.099687517 -0.136010170 17.395595551
-0.135823444 0.004869844 0.990721107 70.972267151 0.100704663 0.994876504 0.008915892 -0.763287842 -0.985601544 0.100981243 -0.135617942 17.152492523
-0.134873018 0.006740183 0.990839958 72.659004211 0.102665380 0.994689822 0.007208425 -0.755614221 -0.985529840 0.102697179 -0.134848788 16.917533875
-0.134563416 0.006307062 0.990885019 74.389411926 0.101714753 0.994785607 0.007481102 -0.753092706 -0.985670865 0.101794295 -0.134503245 16.691671371
-0.134433553 0.006227822 0.990903020 76.105300903 0.102238506 0.994730651 0.007618587 -0.747713506 -0.985634267 0.102332644 -0.134361908 16.464012146
-0.133883417 0.005204205 0.990983427 77.837463379 0.102317110 0.994714677 0.008599401 -0.741036177 -0.985700965 0.102545880 -0.133708283 16.226501465
-0.133650482 0.005404314 0.991013765 79.570083618 0.103669792 0.994574964 0.008557421 -0.733877778 -0.985591233 0.103881881 -0.133485690 15.996952057
-0.133602202 0.005095157 0.991021931 81.344398499 0.104599237 0.994473815 0.008988388 -0.725163698 -0.985499620 0.104861028 -0.133396834 15.758975983
-0.133406579 0.006374975 0.991040885 83.103096008 0.104975790 0.994444668 0.007734186 -0.712184727 -0.985486209 0.105067067 -0.133334666 15.519456863
-0.134002820 0.007401094 0.990953326 84.912536621 0.104784913 0.994472027 0.006742287 -0.704624534 -0.985425472 0.104740426 -0.134037584 15.273426056
-0.135225341 0.008098273 0.990781784 86.708038330 0.104138672 0.994544148 0.006084186 -0.706133902 -0.985326886 0.104001440 -0.135330930 15.035736084
-0.136828005 0.008735337 0.990556300 88.510520935 0.103317797 0.994633138 0.005500251 -0.704908371 -0.985192120 0.103094697 -0.136996165 14.802098274
-0.137823075 0.007675726 0.990427077 90.325485229 0.102127716 0.994749963 0.006502370 -0.708905816 -0.985177517 0.102046229 -0.137883380 14.555189133
-0.139015317 0.007386277 0.990262628 92.166381836 0.102101855 0.994749844 0.006913545 -0.705618858 -0.985012591 0.102068730 -0.139039651 14.309138298
-0.139284864 0.006374888 0.990231812 94.017684937 0.099655122 0.994992912 0.007611833 -0.700321257 -0.985225141 0.099741884 -0.139222726 14.047896385
-0.141171008 0.007149564 0.989959419 95.854766846 0.099589556 0.995003879 0.007015757 -0.700651884 -0.984963298 0.099580027 -0.141177714 13.796805382
-0.143434107 0.008004354 0.989627481 97.735481262 0.098943897 0.995073080 0.006292277 -0.695286751 -0.984701335 0.098820120 -0.143519416 13.516412735
-0.147670805 0.008639359 0.988998830 99.623001099 0.099076100 0.995061100 0.006101078 -0.692458928 -0.984061539 0.098887101 -0.147797450 13.236102104
-0.152008876 0.007846790 0.988348007 101.507164001 0.097279832 0.995232165 0.007060286 -0.688386500 -0.983580172 0.097219564 -0.152047411 12.951424599
-0.156629875 0.007017363 0.987632453 103.399917603 0.095739692 0.995373368 0.008111116 -0.687797308 -0.983006120 0.095826074 -0.156577051 12.658273697
-0.161163658 0.007722897 0.986897469 105.307151794 0.094442502 0.995501041 0.007632555 -0.687666178 -0.982398510 0.094435155 -0.161167994 12.349731445
-0.165341735 0.009647450 0.986189127 107.227592468 0.094947591 0.995463073 0.006180480 -0.680578947 -0.981655240 0.094658174 -0.165507630 12.017597198
-0.170202658 0.011285798 0.985344470 109.155372620 0.094757639 0.995487988 0.004965904 -0.688879430 -0.980842531 0.094214126 -0.170504123 11.699100494
-0.174993441 0.011284322 0.984504938 111.089752197 0.093670078 0.995589495 0.005238270 -0.695673168 -0.980103672 0.093135312 -0.175278664 11.364322662
-0.179833978 0.011201132 0.983633220 113.044197083 0.091902807 0.995752990 0.005463094 -0.695398450 -0.979394495 0.091381088 -0.180099607 11.014976501
-0.184425473 0.010833059 0.982786775 115.014656067 0.090136759 0.995911717 0.005936936 -0.691638470 -0.978704572 0.089680135 -0.184647933 10.642621994
-0.190402448 0.009946192 0.981655657 116.948013306 0.089089282 0.995997667 0.007188302 -0.694122791 -0.977655292 0.088823669 -0.190526530 10.288841248
-0.195658088 0.009801503 0.980623126 118.932418823 0.089609854 0.995945454 0.007924686 -0.692888200 -0.976569474 0.089424029 -0.195743099 9.891702652
-0.201050892 0.011162462 0.979517221 120.858718872 0.090186298 0.995899081 0.007162046 -0.695445359 -0.975420415 0.089778952 -0.201233104 9.509168625
-0.207164168 0.012250217 0.978229523 122.822204590 0.089954771 0.995924115 0.006578332 -0.696895480 -0.974161804 0.089359201 -0.207421750 9.111459732
-0.212930709 0.012347097 0.976989388 124.798988342 0.090158939 0.995902359 0.007063647 -0.691677511 -0.972898662 0.089588389 -0.213171437 8.697053909
-0.218311727 0.012305914 0.975801408 126.784500122 0.089224704 0.995984018 0.007401405 -0.689045250 -0.971791744 0.088681422 -0.218532965 8.258378983
-0.223646313 0.013144654 0.974581659 128.773574829 0.088538080 0.996048927 0.006883462 -0.685043931 -0.970640659 0.087827049 -0.223926499 7.811309814
-0.229097903 0.013626906 0.973308027 130.770523071 0.087812454 0.996114254 0.006723145 -0.687612534 -0.969434381 0.087008819 -0.229404300 7.364608765
-0.233459547 0.012954117 0.972280204 132.752761841 0.088907897 0.996007085 0.008077925 -0.685629249 -0.968293369 0.088329263 -0.233679056 6.895643234
-0.237177417 0.013236177 0.971376121 134.755111694 0.091369502 0.995778799 0.008740673 -0.673620105 -0.967159927 0.090827264 -0.237385571 6.405693054
-0.240812734 0.013922511 0.970471859 136.777648926 0.092730753 0.995652974 0.008726435 -0.671899557 -0.966131687 0.092094004 -0.241056934 5.914287567
-0.243869409 0.014753168 0.969695866 138.793426514 0.093178473 0.995615065 0.008286010 -0.665510178 -0.965321362 0.092375502 -0.244174704 5.412082672
-0.247478798 0.014654853 0.968782485 140.840591431 0.092129238 0.995711088 0.008472531 -0.661276221 -0.964503109 0.091349974 -0.247767568 4.897033691
-0.251192659 0.015053892 0.967819989 142.867858887 0.090915211 0.995825648 0.008107068 -0.664348841 -0.963657975 0.090026014 -0.251512736 4.388916016
-0.256313443 0.016027300 0.966460824 144.900848389 0.090402469 0.995877385 0.007460354 -0.663399100 -0.962356985 0.089282632 -0.256705672 3.864700317
-0.260120094 0.014947579 0.965460539 146.954528809 0.088123932 0.996074736 0.008321309 -0.665467501 -0.961546540 0.087244719 -0.260416299 3.332229614
-0.264687717 0.015548402 0.964208841 148.982467651 0.088391148 0.996052086 0.008202608 -0.662593961 -0.960274816 0.087398663 -0.265017003 2.784820557
-0.269314080 0.015796784 0.962922812 151.029357910 0.087622859 0.996120274 0.008165320 -0.663294196 -0.959057868 0.086573094 -0.269653410 2.225551605
-0.274511576 0.015825689 0.961453497 153.084152222 0.087026589 0.996170163 0.008450467 -0.662582040 -0.957637608 0.085991777 -0.274837524 1.663963318
-0.279049933 0.015300096 0.960154831 155.125030518 0.086997896 0.996163964 0.009410311 -0.661300659 -0.956327617 0.086157359 -0.279310614 1.083690643
-0.283879876 0.015419189 0.958735883 157.179824829 0.087517060 0.996113896 0.009893299 -0.658292413 -0.954857528 0.086714268 -0.284126103 0.493923187
-0.288101047 0.015967187 0.957466900 159.250335693 0.088077873 0.996064425 0.009891706 -0.655339479 -0.953540802 0.087181449 -0.288373649 -0.115482330
-0.291529804 0.017282370 0.956405520 161.309783936 0.088584773 0.996027946 0.009003896 -0.649186969 -0.952451110 0.087347865 -0.291902810 -0.741207123
-0.295331597 0.018643964 0.955212831 163.366394043 0.088334791 0.996059716 0.007870031 -0.651493907 -0.951302290 0.086702816 -0.295814812 -1.363613129
-0.298746109 0.020181535 0.954119205 165.453155518 0.089326248 0.995978475 0.006902169 -0.645082712 -0.950142920 0.087289885 -0.299347371 -2.007686615
-0.301982790 0.020775327 0.953086972 167.539627075 0.088797718 0.996028960 0.006423913 -0.645841956 -0.949168801 0.086571865 -0.302628398 -2.660625458
-0.305710942 0.020794019 0.951897264 169.638870239 0.089056432 0.996003091 0.006843816 -0.650192738 -0.947950304 0.086864807 -0.306340814 -3.322574615
-0.309657425 0.021029642 0.950615585 171.723144531 0.088836618 0.996022284 0.006903867 -0.647978902 -0.946689129 0.086587295 -0.310293913 -3.990184784
-0.313838750 0.022167509 0.949217498 173.832031250 0.091221526 0.995806694 0.006904952 -0.648283005 -0.945084035 0.088756122 -0.314544946 -4.679637909
-0.316833973 0.022333752 0.948217928 175.924560547 0.093191698 0.995618522 0.007688538 -0.648749352 -0.943891704 0.090802036 -0.317527175 -5.376598358
-0.319251418 0.021817012 0.947418809 178.003768921 0.093981139 0.995535553 0.008743757 -0.649819374 -0.942998469 0.091830954 -0.319876492 -6.081775665
-0.321904719 0.021351438 0.946531296 180.090682983 0.093507349 0.995574772 0.009343071 -0.643956423 -0.942143142 0.091515206 -0.322476774 -6.788551331
-0.324932456 0.022220431 0.945476115 182.211074829 0.092783995 0.995650232 0.008487543 -0.636972904 -0.941174805 0.090482958 -0.325580716 -7.505489349
-0.327439547 0.024181321 0.944562674 184.311538696 0.092190184 0.995720387 0.006467417 -0.637298942 -0.940363944 0.089197092 -0.328267545 -8.235092163
-0.330641568 0.026370134 0.943387866 186.434463501 0.092052318 0.995744348 0.004429158 -0.637092292 -0.939256310 0.088305518 -0.331661880 -8.973648071
-0.333882719 0.027253261 0.942220569 188.559844971 0.091157198 0.995830357 0.003498325 -0.647547424 -0.938196480 0.087058201 -0.334974945 -9.717491150
-0.337561846 0.027984999 0.940887272 190.718734741 0.089384377 0.995994151 0.002444352 -0.656122923 -0.937049866 0.084925719 -0.338711143 -10.473232269
-0.341424942 0.028490275 0.939477146 192.862213135 0.090152115 0.995924711 0.002561013 -0.663117647 -0.935575545 0.085570246 -0.342602044 -11.243137360
-0.345390588 0.027410291 0.938058615 195.036956787 0.089505918 0.995978773 0.003853100 -0.673079371 -0.934180856 0.085292622 -0.346455127 -12.025981903
-0.348785251 0.027161459 0.936809003 197.192047119 0.089470208 0.995979726 0.004433800 -0.672346592 -0.932922244 0.085362948 -0.349813074 -12.828750610
-0.352925539 0.026958708 0.935262918 199.357666016 0.089244671 0.995997488 0.004967516 -0.679037273 -0.931385517 0.085220419 -0.353918791 -13.635093689
-0.356775731 0.027356490 0.933789432 201.525619507 0.088350371 0.996078908 0.004574948 -0.678037524 -0.930002868 0.084132865 -0.357793778 -14.447673798
-0.360592335 0.027813168 0.932308733 203.689697266 0.087543949 0.996152043 0.004141904 -0.691620529 -0.928606212 0.083111539 -0.361639649 -15.280681610
-0.364156723 0.028428935 0.930903792 205.874191284 0.087343022 0.996171236 0.003745241 -0.699826717 -0.927233040 0.082671784 -0.365245581 -16.120498657
-0.366987675 0.028887104 0.929777086 207.980377197 0.088443428 0.996073306 0.003962217 -0.719392300 -0.926011741 0.083686762 -0.368101478 -16.953655243
-0.369585007 0.028822619 0.928749800 210.123382568 0.089748882 0.995952725 0.004806311 -0.730472803 -0.924852490 0.085130610 -0.370675981 -17.804058075
-0.371889144 0.028474934 0.927840292 212.290863037 0.091152139 0.995818973 0.005973663 -0.737382531 -0.923790932 0.086796165 -0.372929811 -18.682296753
-0.374976724 0.029319828 0.926570296 214.480682373 0.092436723 0.995701075 0.005901160 -0.743300676 -0.922414184 0.087861933 -0.376074970 -19.560077667
-0.377905846 0.030207299 0.925351143 216.673553467 0.092402041 0.995708048 0.005232216 -0.754351854 -0.921221435 0.087481640 -0.379075080 -20.446266174
-0.380578846 0.030485159 0.924245834 218.852447510 0.091850258 0.995760381 0.004977402 -0.763481975 -0.920175672 0.086786516 -0.381765395 -21.333198547
-0.383515239 0.031666879 0.922991455 221.024383545 0.091392875 0.995807648 0.003809837 -0.775895298 -0.919001222 0.085815981 -0.384801567 -22.229927063
-0.386410266 0.032797199 0.921743691 223.211380005 0.091194957 0.995829105 0.002797157 -0.786977649 -0.917807400 0.085139237 -0.387789518 -23.139888763
-0.388899893 0.032730181 0.920698464 225.377761841 0.089077637 0.996022224 0.002218201 -0.803046107 -0.916963518 0.082876302 -0.390268445 -24.045410156
-0.391988456 0.033533055 0.919358790 227.549194336 0.090047620 0.995935321 0.002067605 -0.819336772 -0.915552557 0.083596542 -0.393414706 -24.961864471
-0.394518703 0.033299278 0.918284297 229.704040527 0.091566436 0.995793760 0.003229353 -0.837623417 -0.914314210 0.085358068 -0.395908356 -25.887908936
-0.397364944 0.032271113 0.917092979 231.866943359 0.091741569 0.995771706 0.004710777 -0.853206277 -0.913063288 0.086007439 -0.398645341 -26.815818787
-0.400709599 0.031837683 0.915651798 233.992095947 0.090595216 0.995875061 0.005019390 -0.864540100 -0.911715031 0.084964983 -0.401941061 -27.731052399
-0.403630286 0.031933930 0.914364696 236.128036499 0.089281172 0.995995641 0.004626734 -0.880267382 -0.910555482 0.083503023 -0.404865175 -28.670379639
-0.407063693 0.031437941 0.912858546 238.306335449 0.087513752 0.996152163 0.004717810 -0.887529612 -0.909197748 0.081808120 -0.408248574 -29.630577087
-0.410803854 0.031008407 0.911196291 240.462707520 0.087075897 0.996187270 0.005356616 -0.902110457 -0.907556057 0.081543759 -0.411937654 -30.583175659
-0.414428651 0.030982388 0.909554422 242.605270386 0.086548775 0.996232450 0.005500076 -0.920203686 -0.905957103 0.081000172 -0.415548772 -31.552200317
-0.418285459 0.030899256 0.907789886 244.754974365 0.086257152 0.996255755 0.005834544 -0.931254506 -0.904210687 0.080743872 -0.419384629 -32.529609680
-0.422398984 0.030390287 0.905900419 246.913909912 0.085018262 0.996360004 0.006216980 -0.942034721 -0.902414024 0.079644144 -0.423445106 -33.511039734
-0.426512331 0.030680016 0.903961301 249.038070679 0.084652387 0.996391654 0.006124136 -0.947670817 -0.900511622 0.079134509 -0.427570432 -34.497001648
-0.430255115 0.031477891 0.902158320 251.189712524 0.084924802 0.996370852 0.005736998 -0.963993669 -0.898703694 0.079083987 -0.431366980 -35.508506775
-0.434036940 0.031582937 0.900341272 253.270477295 0.085062250 0.996357381 0.006055796 -0.982022285 -0.896870255 0.079213515 -0.435142368 -36.501869202
-0.437806070 0.031616043 0.898513377 255.402786255 0.084846824 0.996374190 0.006282650 -0.991828561 -0.895056903 0.078986607 -0.438901186 -37.527816772
-0.441485316 0.031861521 0.896702588 257.519348145 0.083789438 0.996466339 0.005846837 -1.004754901 -0.893347681 0.077715501 -0.442594916 -38.557022095
-0.445042193 0.032206979 0.894930243 259.629150391 0.084123962 0.996437371 0.005974174 -1.014607310 -0.891549468 0.077943832 -0.446166039 -39.604080200
-0.448639303 0.032738212 0.893113077 261.740264893 0.084385529 0.996415913 0.005864620 -1.012186646 -0.889720142 0.077996910 -0.449793905 -40.653305054
-0.452042848 0.034004863 0.891347766 263.863952637 0.085549697 0.996319413 0.005376605 -1.012843728 -0.887884259 0.078684986 -0.453288198 -41.727241516
-0.455711126 0.036495704 0.889379263 265.991516113 0.088122144 0.996100485 0.004278116 -1.017987609 -0.885754943 0.080323607 -0.457150131 -42.814620972
-0.458894670 0.037023209 0.887718976 268.123382568 0.089413919 0.995983541 0.004682852 -1.031541824 -0.883980095 0.081523351 -0.460361928 -43.911026001
-0.461732984 0.039274693 0.886149049 270.237335205 0.091096416 0.995836437 0.003330179 -1.032992959 -0.882328808 0.082262635 -0.463388354 -45.010696411
-0.464790285 0.041528080 0.884446383 272.345703125 0.092694208 0.995692670 0.001960735 -1.050895452 -0.880555391 0.082894392 -0.466637701 -46.088005066
-0.467937440 0.042401757 0.882743835 274.482788086 0.093772218 0.995591879 0.001885818 -1.060087204 -0.878772616 0.083659284 -0.469850838 -47.201232910
-0.471330106 0.043342721 0.880891144 276.641174316 0.094094180 0.995562375 0.001361180 -1.074215412 -0.876923144 0.083528310 -0.473316848 -48.328582764
-0.474649876 0.043225016 0.879112661 278.801269531 0.093026482 0.995662808 0.001271136 -1.078481555 -0.875244796 0.082384109 -0.476612329 -49.487472534
-0.478157014 0.044575207 0.877142429 280.944915771 0.094065234 0.995565772 0.000684510 -1.091056108 -0.873222530 0.082835928 -0.480229825 -50.642120361
-0.481256217 0.044704005 0.875439346 283.078186035 0.093211785 0.995646179 0.000399070 -1.103294015 -0.871610045 0.081793316 -0.483327746 -51.801658630
-0.484025478 0.044642668 0.873914421 285.223571777 0.091773435 0.995779872 -0.000038450 -1.113410830 -0.870228112 0.080183506 -0.486079812 -52.979515076
-0.486445814 0.045581654 0.872520864 287.393096924 0.093561441 0.995613515 0.000149978 -1.120764136 -0.868686795 0.081707284 -0.488576651 -54.184097290
-0.489137650 0.045425545 0.871022880 289.583709717 0.095039494 0.995472431 0.001455194 -1.138243437 -0.867013156 0.083493367 -0.491240263 -55.385070801
-0.491702199 0.045685306 0.869564116 291.764648438 0.095813856 0.995397508 0.001882370 -1.145227194 -0.865475953 0.084241845 -0.493816465 -56.605491638
-0.493350565 0.045007844 0.868665278 293.922882080 0.095472053 0.995428503 0.002646704 -1.155927896 -0.864575207 0.084239021 -0.495392233 -57.826416016
-0.495739341 0.044650987 0.867322743 296.112243652 0.095189020 0.995454192 0.003160220 -1.154931903 -0.863238990 0.084126249 -0.497736096 -59.063179016
-0.498683423 0.045323897 0.865598500 298.332763672 0.096737325 0.995303392 0.003616312 -1.150885820 -0.861369073 0.085539065 -0.500725865 -60.327903748
-0.500874460 0.045006748 0.864348948 300.531555176 0.096820787 0.995292604 0.004280875 -1.152722836 -0.860087514 0.085831136 -0.502874255 -61.598861694
-0.503086984 0.045444731 0.863040149 302.719787598 0.095906772 0.995384216 0.003492850 -1.160851836 -0.858897746 0.084528588 -0.505123317 -62.858894348
-0.505624592 0.048019886 0.861416221 304.911560059 0.095614009 0.995418310 0.000632587 -1.166325688 -0.857439041 0.082683310 -0.507899344 -64.128089905
-0.508866847 0.047207836 0.859549820 307.108459473 0.094150744 0.995557368 0.001061106 -1.181433082 -0.855681121 0.081467219 -0.511050820 -65.425407410
-0.513154864 0.045211229 0.857104361 309.302978516 0.091849357 0.995769978 0.002465231 -1.192936182 -0.853367329 0.079989552 -0.515136719 -66.718994141
-0.518244386 0.042677380 0.854167044 311.506652832 0.089469634 0.995979309 0.004520611 -1.202685952 -0.850539804 0.078764796 -0.519979000 -68.019081116
-0.522808909 0.041359041 0.851446033 313.724121094 0.088198274 0.996086240 0.005770967 -1.200655699 -0.847874939 0.078113183 -0.524410546 -69.372039795
-0.527380347 0.041644420 0.848608077 315.973510742 0.088801228 0.996029377 0.006307923 -1.201620460 -0.844975948 0.078684114 -0.528984308 -70.740844727
-0.531735957 0.043086465 0.845813453 318.201477051 0.091354690 0.995795846 0.006705080 -1.205835819 -0.841968656 0.080834344 -0.533436596 -72.136627197
-0.535119474 0.044172645 0.843620658 320.434326172 0.092592761 0.995682299 0.006598097 -1.204157352 -0.839686692 0.081643961 -0.536898911 -73.564697266
-0.539093792 0.044484198 0.841070116 322.671661377 0.093734540 0.995569468 0.007424584 -1.207776546 -0.837013602 0.082839869 -0.540875018 -74.984580994
-0.542712510 0.042898748 0.838822246 324.863403320 0.093875177 0.995535493 0.009823303 -1.210284233 -0.834655941 0.084075816 -0.544316649 -76.422447205
-0.546337664 0.041116536 0.836555123 327.075531006 0.091694474 0.995727062 0.010944068 -1.195051670 -0.832530618 0.082686633 -0.547773302 -77.870033264
-0.550469220 0.040912203 0.833852410 329.282592773 0.091141604 0.995773733 0.011310572 -1.194056988 -0.829865575 0.082224756 -0.551871598 -79.303588867
-0.554474294 0.040891696 0.831195593 331.480346680 0.091051295 0.995776832 0.011750062 -1.184441328 -0.827204883 0.082196534 -0.555855930 -80.757522583
-0.558378279 0.040941987 0.828575552 333.677551270 0.092123799 0.995664120 0.012884105 -1.179381847 -0.824455500 0.083525740 -0.559728980 -82.220733643
-0.562782645 0.040462967 0.825613916 335.903625488 0.092446223 0.995616257 0.014221599 -1.166221619 -0.821419001 0.084328562 -0.564056158 -83.713668823
-0.566239178 0.039474402 0.823295176 338.128265381 0.091174334 0.995722473 0.014965389 -1.155587196 -0.819182754 0.083537377 -0.567416131 -85.229797363
-0.569640636 0.038522534 0.820990622 340.345214844 0.090762228 0.995740056 0.016252834 -1.138253212 -0.816867054 0.083773211 -0.570710301 -86.750572205
-0.572270393 0.037890542 0.819189191 342.536010742 0.091441967 0.995650828 0.017827127 -1.124346256 -0.814950883 0.085110202 -0.573246241 -88.267333984
-0.574941278 0.037379537 0.817340314 344.736328125 0.089451589 0.995839536 0.017380012 -1.106544971 -0.813290000 0.083104879 -0.575892985 -89.816925049
-0.578327477 0.036269024 0.814998090 346.887908936 0.085300490 0.996223629 0.016195819 -1.086925983 -0.811332941 0.078886226 -0.579237282 -91.303581238
-0.581912339 0.035533614 0.812474847 349.046447754 0.081755891 0.996539891 0.014971656 -1.067055225 -0.809131622 0.075136788 -0.582803965 -92.803649902
-0.584358156 0.032584645 0.810841382 351.194396973 0.079633549 0.996673405 0.017337874 -1.058089256 -0.807579100 0.074701719 -0.585009038 -94.351875305
-0.588325918 0.032155637 0.807984293 353.373107910 0.080295011 0.996593714 0.018804248 -1.033102989 -0.804627478 0.075940140 -0.588903844 -95.896339417
-0.591316044 0.032484349 0.805785418 355.534637451 0.079518333 0.996667743 0.018174021 -1.005530357 -0.802509964 0.074821301 -0.591928661 -97.452980042
-0.594672322 0.031199971 0.803362548 357.717712402 0.077413529 0.996825695 0.018590305 -0.986054897 -0.800232410 0.073246256 -0.595200002 -99.031547546
-0.598111749 0.027358003 0.800945640 359.889678955 0.074995138 0.996942282 0.021950461 -0.965366840 -0.797896028 0.073195860 -0.598334610 -100.619049072
-0.601273894 0.025064483 0.798649788 362.058074951 0.072766252 0.997072339 0.023491332 -0.933131218 -0.795722783 0.072239473 -0.601337433 -102.219642639
-0.604756415 0.024021279 0.796048045 364.240417480 0.071183309 0.997174799 0.023987435 -0.895567894 -0.793222964 0.071171895 -0.604757905 -103.833908081
-0.607806861 0.024375731 0.793710709 366.388244629 0.070880607 0.997204304 0.023653647 -0.859358788 -0.790915132 0.070635542 -0.607835352 -105.439765930
-0.610800743 0.023807306 0.791426361 368.529205322 0.070700429 0.997195005 0.024567489 -0.830238342 -0.788621426 0.070960023 -0.610770583 -107.060874939
-0.613326728 0.023004187 0.789494157 370.646728516 0.070403479 0.997189105 0.025637696 -0.796833992 -0.786685109 0.071307428 -0.613222361 -108.686943054
-0.616301596 0.021562016 0.787214935 372.788513184 0.067155056 0.997422814 0.025255265 -0.761952400 -0.784641683 0.068430334 -0.616161227 -110.328140259
-0.619527221 0.017848199 0.784772217 374.933898926 0.057078056 0.998119295 0.022359073 -0.730752945 -0.782897234 0.058645327 -0.619380832 -111.978752136
-0.623222113 0.020096457 0.781786740 377.064025879 0.049305473 0.998690724 0.013633013 -0.713742256 -0.780489028 0.047042750 -0.623396873 -113.622764587
-0.625580609 0.030562114 0.779560626 379.171417236 0.059635967 0.998181999 0.008723570 -0.707269907 -0.777876914 0.051947154 -0.626265883 -115.302047729
-0.626814127 0.031835411 0.778518140 381.276550293 0.067234993 0.997648001 0.013337274 -0.706566811 -0.776262522 0.060703658 -0.627480328 -116.980285645
-0.629104197 0.022793833 0.776986718 383.391540527 0.066515967 0.997482240 0.024593778 -0.682049751 -0.774469852 0.067154087 -0.629036367 -118.672447205
-0.632737160 0.012032132 0.774273098 385.519165039 0.060173377 0.997619867 0.033670854 -0.630167007 -0.772025168 0.067895435 -0.631955147 -120.356201172
-0.636137664 0.005806506 0.771553695 387.610168457 0.054146428 0.997842312 0.037133645 -0.566905975 -0.769673347 0.065398984 -0.635079384 -122.035697937
-0.638730943 0.005537439 0.769410253 389.681640625 0.052756254 0.997936010 0.036613803 -0.493895531 -0.767619431 0.063977577 -0.637704551 -123.726615906
-0.641322851 0.010541247 0.767198682 391.749633789 0.058299094 0.997684538 0.035025734 -0.441486359 -0.765053093 0.067189790 -0.640452325 -125.436927795
-0.644016862 0.016746316 0.764828086 393.788757324 0.062521018 0.997568309 0.030802993 -0.386325836 -0.762452304 0.067655474 -0.643497646 -127.125083923
-0.646338463 0.019809464 0.762793541 395.802551270 0.063769236 0.997568190 0.028127162 -0.348887444 -0.760381520 0.066822432 -0.646030068 -128.811813354
-0.649691045 0.020017704 0.759934723 397.878875732 0.063689798 0.997572005 0.028172925 -0.298944473 -0.757525682 0.066703789 -0.649388492 -130.548309326
-0.652590752 0.019394677 0.757462323 399.939575195 0.064746037 0.997443318 0.030242519 -0.251008987 -0.754939258 0.068778664 -0.652178049 -132.316116333
-0.655267775 0.018538665 0.755169094 401.985870361 0.064924605 0.997381747 0.031850994 -0.192208290 -0.752601266 0.069899991 -0.654755771 -134.070037842
-0.657216430 0.019016400 0.753462017 404.028747559 0.065448776 0.997345269 0.031916786 -0.137527466 -0.750854909 0.070289381 -0.656716347 -135.823150635
-0.659143388 0.018986773 0.751777589 406.074859619 0.065728478 0.997309983 0.032441497 -0.086953163 -0.749139369 0.070796788 -0.658618271 -137.585906982
-0.660557926 0.019743482 0.750515401 408.108001709 0.066533931 0.997260451 0.032324608 -0.029761314 -0.747821152 0.071287006 -0.660061896 -139.360809326
-0.661752403 0.018922111 0.749483645 410.130371094 0.067554489 0.997119904 0.034472719 0.028017998 -0.746672809 0.073443405 -0.661124647 -141.133316040
-0.662609935 0.018318212 0.748740613 412.143310547 0.069359690 0.996905565 0.036991302 0.088209152 -0.745746136 0.076443218 -0.661830127 -142.911193848
-0.663590789 0.017841985 0.747882843 414.157653809 0.070764311 0.996729910 0.039009992 0.157217026 -0.744741380 0.078810081 -0.662683487 -144.689804077
-0.665011287 0.018219264 0.746611059 416.157867432 0.069543540 0.996869445 0.037616666 0.229428291 -0.743588269 0.076937474 -0.664196610 -146.452560425
-0.666822255 0.018186249 0.744994879 418.152160645 0.065443240 0.997268975 0.034231681 0.296146393 -0.742337704 0.071581326 -0.666191280 -148.206726074
-0.668134034 0.017398581 0.743837416 420.138946533 0.062464859 0.997508943 0.032775532 0.353533745 -0.741414130 0.068362169 -0.667556465 -149.970458984
-0.669316947 0.016678168 0.742789805 422.131072998 0.061790917 0.997534096 0.033280835 0.410956383 -0.740403056 0.068173096 -0.668697059 -151.737152100
-0.669562757 0.015308947 0.742597580 424.076812744 0.059553348 0.997675240 0.033128772 0.470148087 -0.740364134 0.066405959 -0.668918014 -153.502014160
-0.671107709 0.014416774 0.741219699 426.078613281 0.056890488 0.997864187 0.032100685 0.524200439 -0.739173830 0.063711360 -0.670494556 -155.268951416
-0.672261655 0.013515192 0.740190327 428.068115234 0.055265933 0.997959614 0.031972252 0.580780029 -0.738247931 0.062401023 -0.671636999 -157.033493042
-0.673326373 0.012181138 0.739244938 430.041687012 0.056423087 0.997795045 0.034950349 0.630736351 -0.737189233 0.065243483 -0.672528982 -158.801681519
-0.673490465 0.011135868 0.739111960 432.020446777 0.058799043 0.997525215 0.038549360 0.697679520 -0.736853480 0.069421694 -0.672478616 -160.579956055
-0.673085332 0.010257533 0.739493728 434.003295898 0.063444883 0.997018576 0.043917723 0.776052475 -0.736838460 0.076477461 -0.671729326 -162.362457275
-0.671792448 0.009297449 0.740681112 435.985687256 0.066946849 0.996591091 0.048210535 0.862682343 -0.737707973 0.081973732 -0.670124829 -164.143341064
-0.670532644 0.006920253 0.741847813 437.963165283 0.061052654 0.997079432 0.045882400 0.957929611 -0.739363611 0.076057427 -0.668996692 -165.898056030
-0.670111001 0.005774575 0.742238462 439.947235107 0.053562131 0.997739017 0.040594846 1.040407181 -0.740325868 0.066958927 -0.668905199 -167.648681641
-0.668407321 0.003145935 0.743788838 441.944427490 0.048682302 0.998031855 0.039527163 1.107536316 -0.742200613 0.062629595 -0.667244971 -169.418380737
-0.666221023 0.003174845 0.745747566 443.941467285 0.046724349 0.998203993 0.037492052 1.183555603 -0.744289160 0.059822559 -0.665172815 -171.185302734
-0.663166285 0.004192502 0.748460352 445.934722900 0.049081191 0.998075485 0.037897203 1.256395340 -0.746861100 0.061867476 -0.662095845 -172.957962036
-0.660252094 0.004159252 0.751032472 447.917846680 0.049849883 0.998022079 0.038297225 1.328565598 -0.749387860 0.062724702 -0.659153521 -174.691680908
-0.657462955 0.004828511 0.753471375 449.899475098 0.047378901 0.998265564 0.034944572 1.394218445 -0.751995802 0.058673400 -0.656551421 -176.409088135
-0.655789256 -0.000061596 0.754943967 451.909973145 0.040505193 0.998556733 0.035266694 1.459353447 -0.753856599 0.053706672 -0.654840350 -178.133178711
-0.654896080 -0.006419530 0.755691707 453.922363281 0.031758573 0.998846769 0.036007661 1.520132065 -0.755051315 0.047580969 -0.653936923 -179.841094971
-0.653830349 -0.010003723 0.756574929 455.938659668 0.024644867 0.999100506 0.034508523 1.579032898 -0.756239712 0.041208412 -0.652995765 -181.559661865
-0.652913034 -0.010348446 0.757362187 457.956420898 0.023111967 0.999168813 0.033577003 1.638263702 -0.757080197 0.039426990 -0.652131200 -183.279037476
-0.651740670 -0.009851787 0.758377910 459.973632812 0.025752258 0.999051630 0.035109453 1.697733879 -0.758004546 0.042412207 -0.650868833 -184.995452881
-0.650787592 -0.011226831 0.759176791 461.997558594 0.027021576 0.998914778 0.037935782 1.759572983 -0.758778691 0.045202289 -0.649778068 -186.682357788
-0.649665833 -0.013460689 0.760100663 463.994750977 0.025267117 0.998908520 0.039285816 1.831800461 -0.759799898 0.044728208 -0.648616552 -188.364456177
-0.648548782 -0.013972098 0.761044860 466.016998291 0.023096720 0.999009848 0.038023524 1.900520325 -0.760822594 0.042237755 -0.647583902 -190.066757202
-0.647816956 -0.013074891 0.761683941 468.044464111 0.021764757 0.999126911 0.035661850 1.973005295 -0.761485100 0.039680209 -0.646966815 -191.745483398
-0.646410704 -0.011673486 0.762900293 470.071624756 0.022575313 0.999152660 0.034416705 2.031682014 -0.762655616 0.039470039 -0.645599306 -193.453048706
-0.645251811 -0.011287414 0.763886571 472.080139160 0.024391565 0.999076724 0.035366096 2.086988449 -0.763580501 0.041452430 -0.644380748 -195.131774902
