0.999999940 0.000000000 0.000000000 -0.000000007 0.000000000 1.000000000 0.000000000 -0.000000000 0.000000000 0.000000000 0.999999940 -0.000000004
0.999991298 -0.002450835 -0.003353995 -0.002981936 0.002443435 0.999994576 -0.002208729 -0.005202483 0.003359390 0.002200514 0.999991894 0.666187525
0.999972999 -0.001679088 -0.007152873 -0.012725974 0.001654668 0.999992907 -0.003418461 -0.011726324 0.007158561 0.003406534 0.999968469 1.375908852
0.999938726 -0.001492171 -0.010961908 -0.029364621 0.001438670 0.999987185 -0.004886829 -0.014500889 0.010969058 0.004870760 0.999927938 2.080651760
0.999873698 -0.000260306 -0.015887048 -0.048476011 0.000171493 0.999984324 -0.005591365 -0.016737720 0.015888255 0.005587933 0.999858141 2.810961246
0.999798119 -0.001016699 -0.020070605 -0.067916863 0.000901463 0.999983013 -0.005749705 -0.028717700 0.020076109 0.005730451 0.999781966 3.568835020
0.999696732 0.000830599 -0.024611171 -0.092894256 -0.001005908 0.999974132 -0.007111636 -0.031922098 0.024604632 0.007134236 0.999671817 4.324860096
0.999558628 0.003228910 -0.029528916 -0.123186484 -0.003456131 0.999964774 -0.007647054 -0.042374756 0.029503185 0.007745735 0.999534667 5.091251373
0.999421477 0.003711618 -0.033805937 -0.156188637 -0.003913150 0.999974966 -0.005897271 -0.050977863 0.033783197 0.006026146 0.999410987 5.876114845
0.999259233 0.002936875 -0.038369954 -0.188934237 -0.003067888 0.999989688 -0.003356049 -0.057582058 0.038359702 0.003471277 0.999257982 6.682254791
0.999138176 0.002682888 -0.041419469 -0.232648283 -0.002708458 0.999996126 -0.000561233 -0.070533410 0.041417800 0.000672932 0.999141693 7.487346649
0.999026716 0.004098178 -0.043918721 -0.276756525 -0.004156790 0.999990582 -0.001243319 -0.077964731 0.043913219 0.001424670 0.999034286 8.301767349
0.998933375 0.003404017 -0.046049334 -0.323993683 -0.003465540 0.999993265 -0.001256278 -0.085714139 0.046044748 0.001414524 0.998938322 9.124825478
0.998848438 0.000575006 -0.047972381 -0.357428253 -0.000673447 0.999997616 -0.002035896 -0.090392441 0.047971103 0.002065859 0.998846531 9.954172134
0.998735547 0.000291082 -0.050269041 -0.398563266 -0.000354868 0.999999166 -0.001259987 -0.096529454 0.050268628 0.001276233 0.998734832 10.795943260
0.998689413 -0.001225905 -0.051164255 -0.455292046 0.001133831 0.999997616 -0.001828572 -0.100255027 0.051166385 0.001768164 0.998688519 11.635601044
0.998560369 0.001091073 -0.053628072 -0.500648797 -0.001300126 0.999991655 -0.003863463 -0.114620693 0.053623416 0.003927625 0.998553455 12.498351097
0.998501599 0.001245108 -0.054709885 -0.551730216 -0.001601925 0.999977827 -0.006478611 -0.124023922 0.054700609 0.006556544 0.998481214 13.339969635
0.998403251 0.005054736 -0.056262281 -0.611097872 -0.005512742 0.999952853 -0.007988331 -0.136365235 0.056219243 0.008285735 0.998384058 14.216342926
0.998328626 0.006327377 -0.057442926 -0.665504515 -0.006778293 0.999947667 -0.007658379 -0.147943050 0.057391468 0.008034944 0.998319328 15.107932091
0.998253405 0.005170786 -0.058849975 -0.721314132 -0.005530213 0.999967039 -0.005946290 -0.164320290 0.058817290 0.006261357 0.998249114 15.978049278
0.998183548 0.005869568 -0.059957866 -0.784385741 -0.006167158 0.999969542 -0.004779453 -0.173324376 0.059927993 0.005140542 0.998189390 16.874450684
0.998130441 0.005604723 -0.060860664 -0.844380736 -0.005893278 0.999972284 -0.004562792 -0.191068858 0.060833395 0.004912931 0.998135746 17.780868530
0.998020351 0.005244479 -0.062673278 -0.901024699 -0.005587783 0.999970376 -0.005303627 -0.202208534 0.062643625 0.005643333 0.998019934 18.674753189
0.997966588 0.003718456 -0.063631043 -0.965314031 -0.004095987 0.999974847 -0.005803707 -0.215428591 0.063607849 0.006052538 0.997956574 19.588907242
0.997929394 0.003468880 -0.064225808 -1.022497654 -0.003739614 0.999984682 -0.004095600 -0.227480054 0.064210601 0.004327299 0.997927010 20.505386353
0.997918248 0.005236501 -0.064281404 -1.083428741 -0.005311336 0.999985397 -0.000993334 -0.236968368 0.064275272 0.001332686 0.997931242 21.424396515
0.997972786 0.006204411 -0.063340560 -1.145560265 -0.006048209 0.999978244 0.002657509 -0.244934976 0.063355662 -0.002269024 0.997988343 22.356405258
0.998087943 0.005498057 -0.061564542 -1.212221146 -0.005173750 0.999971867 0.005425929 -0.250534624 0.061592650 -0.005097033 0.998088300 23.288974762
0.998162210 0.004985353 -0.060392246 -1.261256099 -0.004594260 0.999967515 0.006612995 -0.260850936 0.060423251 -0.006323385 0.998152792 24.226976395
0.998243868 0.005453953 -0.058984466 -1.317885756 -0.005246201 0.999979436 0.003676413 -0.266299546 0.059003308 -0.003360512 0.998252094 25.170848846
0.998285234 0.005978969 -0.058230601 -1.376292706 -0.006047162 0.999981284 -0.000994927 -0.272279799 0.058223546 0.001345351 0.998302698 26.110738754
0.998382151 0.005826630 -0.056560233 -1.437110901 -0.006058265 0.999973893 -0.003924754 -0.284600914 0.056535900 0.004261062 0.998391449 27.048877716
0.998420238 0.003144790 -0.056098107 -1.486964703 -0.003324521 0.999989629 -0.003110835 -0.292255610 0.056087732 0.003292420 0.998420417 28.006881714
0.998443127 0.001618242 -0.055755962 -1.552491903 -0.001516857 0.999997079 0.001860652 -0.303132534 0.055758812 -0.001773182 0.998442650 28.981348038
0.998390615 -0.001970665 -0.056676667 -1.601261377 0.002287766 0.999982119 0.005530556 -0.318002999 0.056664746 -0.005651318 0.998377204 29.944070816
0.998283327 -0.009295167 -0.057826422 -1.649119735 0.009592982 0.999942183 0.004874659 -0.324091196 0.057777759 -0.005421019 0.998314679 30.919506073
0.998164892 -0.012136035 -0.059325654 -1.701206326 0.012233797 0.999924242 0.001284948 -0.331973970 0.059305560 -0.002008367 0.998237967 31.882242203
0.998084068 -0.011676475 -0.060760342 -1.763596296 0.011518116 0.999929190 -0.002955879 -0.336541653 0.060790557 0.002250372 0.998147964 32.862628937
0.997983575 -0.010362380 -0.062622309 -1.837872386 0.010153236 0.999941766 -0.003657059 -0.345118701 0.062656544 0.003013866 0.998030603 33.849365234
0.997923970 -0.010382011 -0.063560858 -1.891855717 0.010271143 0.999945164 -0.002070740 -0.361270934 0.063578844 0.001413598 0.997975826 34.826690674
0.997856617 -0.007389944 -0.065020300 -1.959801674 0.007448742 0.999972165 0.000661940 -0.372869909 0.065013573 -0.001144841 0.997883737 35.826438904
0.997784853 -0.007159310 -0.066137083 -2.029403687 0.007301955 0.999971509 0.001915324 -0.384991020 0.066121481 -0.002394012 0.997808635 36.811042786
0.997745037 -0.005913060 -0.066856489 -2.102305651 0.006236670 0.999969900 0.004632697 -0.395165950 0.066827074 -0.005039211 0.997751772 37.783054352
0.997749865 -0.005982309 -0.066779099 -2.170264959 0.006501401 0.999950290 0.007558652 -0.399789244 0.066730551 -0.007975803 0.997739136 38.790168762
0.997725010 -0.000376171 -0.067414060 -2.248373270 0.001033691 0.999952137 0.009718828 -0.399002463 0.067407168 -0.009766404 0.997677684 39.780258179
0.997710645 -0.000139887 -0.067627952 -2.321613550 0.000752194 0.999958873 0.009028684 -0.405621767 0.067623913 -0.009058884 0.997669756 40.767944336
0.997709751 0.000147678 -0.067638755 -2.382167816 0.000371866 0.999970436 0.007668501 -0.417161226 0.067637883 -0.007676092 0.997680366 41.764980316
0.997712135 0.002427513 -0.067561455 -2.463512182 -0.002070614 0.999983430 0.005352112 -0.421414793 0.067573331 -0.005199974 0.997700632 42.758255005
0.997673392 0.002006128 -0.068143144 -2.538785458 -0.001634679 0.999983490 0.005506342 -0.426931202 0.068153054 -0.005382139 0.997660339 43.731803894
0.997577250 -0.000024311 -0.069566026 -2.603792667 0.000482736 0.999978244 0.006572981 -0.434833586 0.069564335 -0.006590639 0.997555673 44.727756500
0.997523129 0.000383978 -0.070338294 -2.675335884 0.000157310 0.999970436 0.007689802 -0.441569984 0.070339166 -0.007681821 0.997493505 45.714126587
0.997512162 0.003334542 -0.070413835 -2.754838943 -0.003060882 0.999987304 0.003993999 -0.454873562 0.070426270 -0.003768535 0.997509837 46.688560486
0.997419417 0.003550566 -0.071706787 -2.826404572 -0.003573437 0.999993563 -0.000190685 -0.460903674 0.071705639 0.000446432 0.997425675 47.645515442
0.997370720 0.003929790 -0.072361618 -2.891849041 -0.004039727 0.999990880 -0.001372979 -0.468250424 0.072355554 0.001661691 0.997377455 48.618370056
0.997372270 0.002959795 -0.072386794 -2.965036392 -0.002793780 0.999993205 0.002394591 -0.482692838 0.072393388 -0.002186066 0.997373760 49.600803375
0.997400701 0.000773885 -0.072049566 -3.042590141 -0.000386815 0.999985397 0.005386064 -0.492114872 0.072052680 -0.005344194 0.997386515 50.566234589
0.997338712 -0.001303189 -0.072895229 -3.101662874 0.001752896 0.999979794 0.006105574 -0.502860427 0.072885796 -0.006217102 0.997320890 51.520153046
0.997293293 -0.004705445 -0.073374458 -3.169279099 0.005080335 0.999974966 0.004923466 -0.511744976 0.073349439 -0.005282906 0.997292340 52.480255127
0.997252464 -0.007609710 -0.073685229 -3.236772776 0.007913767 0.999961317 0.003835351 -0.523425639 0.073653199 -0.004407940 0.997274101 53.433536530
0.997173071 -0.008783708 -0.074622869 -3.309860229 0.009157101 0.999947190 0.004663052 -0.529331088 0.074577965 -0.005333198 0.997200906 54.385093689
0.997022986 -0.012417040 -0.076097898 -3.377158403 0.013136570 0.999873459 0.008962044 -0.535001516 0.075976990 -0.009935029 0.997060001 55.338142395
0.996990502 -0.012656597 -0.076482579 -3.450879574 0.013761696 0.999808133 0.013939291 -0.539295435 0.076291487 -0.014949872 0.996973395 56.283416748
0.996992409 -0.010864205 -0.076733150 -3.533495188 0.012100940 0.999804020 0.015670814 -0.535283148 0.076547854 -0.016552227 0.996928394 57.230724335
0.996876240 -0.009648290 -0.078387737 -3.608907700 0.010597073 0.999875426 0.011696752 -0.536692679 0.078265123 -0.012490896 0.996854305 58.161258698
0.996800959 -0.007654421 -0.079557039 -3.686820507 0.008006684 0.999959469 0.004109708 -0.544080079 0.079522349 -0.004733548 0.996821821 59.066932678
0.996729016 -0.006525096 -0.080552466 -3.764938831 0.006521295 0.999978721 -0.000310252 -0.557634413 0.080552764 -0.000216069 0.996750295 59.995452881
0.996723115 -0.001173830 -0.080880597 -3.856353521 0.001209493 0.999999285 0.000391955 -0.566725969 0.080880053 -0.000488496 0.996723711 60.894580841
0.996573865 0.001169565 -0.082698569 -3.934784174 -0.000928451 0.999995291 0.002953985 -0.581176579 0.082701623 -0.002867084 0.996570110 61.793838501
0.996493936 0.003708843 -0.083583236 -4.011354923 -0.003355286 0.999984801 0.004370080 -0.594067812 0.083598159 -0.004074311 0.996491134 62.673267365
0.996387124 0.004339615 -0.084817454 -4.088712692 -0.004015865 0.999983966 0.003987264 -0.601245761 0.084833376 -0.003632242 0.996388495 63.540225983
0.996250927 0.005965675 -0.086303100 -4.167617321 -0.005547169 0.999971688 0.005088263 -0.613351822 0.086331002 -0.004590449 0.996255934 64.388618469
0.996113360 0.006921289 -0.087805964 -4.246005535 -0.006444504 0.999962926 0.005712324 -0.624706507 0.087842248 -0.005124257 0.996121168 65.230430603
0.996005952 0.006630349 -0.089039207 -4.320490837 -0.006107583 0.999962509 0.006142377 -0.635323286 0.089076616 -0.005574029 0.996009052 66.044837952
0.995909929 0.006410997 -0.090123080 -4.395943165 -0.005791494 0.999957800 0.007133796 -0.641174793 0.090165041 -0.006582671 0.995904982 66.848213196
0.995748401 0.009230149 -0.091650732 -4.471853256 -0.008353568 0.999915719 0.009943392 -0.650154531 0.091734789 -0.009135505 0.995741487 67.644287109
0.995613873 0.010787547 -0.092933007 -4.552303314 -0.009518652 0.999855518 0.014086333 -0.655490935 0.093071535 -0.013139950 0.995572627 68.433410645
0.995434761 0.013945579 -0.094420068 -4.640866280 -0.012505570 0.999796569 0.015825642 -0.657915115 0.094621576 -0.014572619 0.995406568 69.215400696
0.995249152 0.016843490 -0.095892936 -4.718694687 -0.015798217 0.999807358 0.011649272 -0.663326621 0.096070692 -0.010078991 0.995323420 69.965957642
0.995121777 0.016584311 -0.097249478 -4.790216446 -0.016229145 0.999858379 0.004442030 -0.673123062 0.097309388 -0.002842086 0.995249987 70.684890747
0.994992554 0.015857169 -0.098682798 -4.864632607 -0.016068494 0.999870002 -0.001346983 -0.678580880 0.098648593 0.002925922 0.995118022 71.391975403
0.994915068 0.016527262 -0.099352337 -4.934734344 -0.016883228 0.999853671 -0.002743058 -0.681850433 0.099292457 0.004406498 0.995048463 72.083923340
0.994826615 0.019216264 -0.099753067 -5.018695831 -0.019224452 0.999814749 0.000879217 -0.693283439 0.099751502 0.001043030 0.995011806 72.760589600
0.994699240 0.019873399 -0.100887388 -5.090429783 -0.019638838 0.999801576 0.003317719 -0.713249087 0.100933313 -0.001318822 0.994892240 73.408325195
0.994653046 0.016461503 -0.101952493 -5.152679443 -0.016540948 0.999863148 0.000066139 -0.724283040 0.101939633 0.001620606 0.994789243 74.031333923
0.994736612 0.008172645 -0.102138333 -5.204278469 -0.008723821 0.999949694 -0.004950832 -0.741066635 0.102092706 0.005815811 0.994757771 74.654312134
0.994868040 0.004110672 -0.101098560 -5.259242058 -0.005138033 0.999937713 -0.009903662 -0.746933997 0.101051554 0.010372281 0.994826972 75.250282288
0.995128512 0.006301509 -0.098384365 -5.311888695 -0.007337519 0.999921381 -0.010171946 -0.759033382 0.098312512 0.010844289 0.995096445 75.830902100
0.995513082 0.011595302 -0.093910977 -5.380839825 -0.012295535 0.999900699 -0.006881102 -0.775403619 0.093821861 0.008004911 0.995556772 76.402839661
0.995962918 0.010063803 -0.089199409 -5.431205750 -0.010464515 0.999937117 -0.004025784 -0.782049596 0.089153275 0.004942960 0.996005595 76.958541870
0.996494472 0.006512672 -0.083404556 -5.468957901 -0.006538974 0.999978602 -0.000042166 -0.789655149 0.083402507 0.000587399 0.996515751 77.502639771
0.997161090 0.001919999 -0.075273141 -5.497174740 -0.001646520 0.999991775 0.003695061 -0.807169080 0.075279616 -0.003560633 0.997156084 78.032272339
0.997887552 0.005552600 -0.064728700 -5.526096821 -0.005338034 0.999979675 0.003487325 -0.813272953 0.064746760 -0.003134434 0.997896791 78.549156189
0.998709977 0.010763192 -0.049625125 -5.554685593 -0.010624916 0.999938846 0.003049369 -0.820281506 0.049654920 -0.002518171 0.998763263 79.053985596
0.999372184 0.015772371 -0.031726409 -5.564564705 -0.015667012 0.999870896 0.003566711 -0.826219559 0.031778578 -0.003067414 0.999490201 79.551002502
0.999853790 0.014350765 -0.009293538 -5.559042931 -0.014313475 0.999889255 0.004066722 -0.831541717 0.009350859 -0.003933104 0.999948561 80.027587891
0.999799252 0.010879222 0.016822185 -5.525753975 -0.010965501 0.999927163 0.005045270 -0.838312149 -0.016766079 -0.005228722 0.999845803 80.480155945
0.998871624 0.009790989 0.046470270 -5.482542992 -0.010114294 0.999926209 0.006727228 -0.847957253 -0.046400979 -0.007189652 0.998897016 80.932693481
0.996813476 0.009260200 0.079227611 -5.423679829 -0.009951310 0.999915838 0.008332709 -0.855819941 -0.079143792 -0.009094577 0.996821702 81.381362915
0.993108392 0.009386175 0.116822615 -5.348040581 -0.010447278 0.999909580 0.008473992 -0.855275571 -0.116732508 -0.009636071 0.993116617 81.826454163
0.987310648 0.009377865 0.158523276 -5.261173248 -0.010853337 0.999905348 0.008444412 -0.860914588 -0.158429086 -0.010057763 0.987319112 82.228256226
0.979021311 0.009156145 0.203552037 -5.143939972 -0.011077112 0.999904215 0.008299886 -0.866328716 -0.203456536 -0.010380534 0.979028881 82.646484375
0.967459381 0.011286476 0.252774239 -5.013368607 -0.013247596 0.999893844 0.006057714 -0.872551024 -0.252679020 -0.009209243 0.967506289 83.048980713
0.952006757 0.012711196 0.305812955 -4.860218048 -0.014395276 0.999891102 0.003252273 -0.878687382 -0.305738300 -0.007498447 0.952086151 83.429985046
0.932301164 0.012930788 0.361451566 -4.678312302 -0.014173579 0.999899149 0.000787268 -0.881323218 -0.361404985 -0.005857033 0.932390571 83.797454834
0.908142090 0.012537288 0.418474138 -4.488506317 -0.013597400 0.999907434 -0.000448674 -0.894996464 -0.418441117 -0.005282700 0.908228576 84.128677368
0.879002094 0.013293731 0.476632655 -4.279453278 -0.013669044 0.999902844 -0.002679895 -0.898440957 -0.476622105 -0.004159479 0.879098475 84.439208984
0.845559657 0.012122448 0.533743262 -4.038501740 -0.011270259 0.999924600 -0.004856002 -0.904284656 -0.533761919 -0.001909385 0.845632613 84.739913940
0.808482707 0.011712203 0.588403463 -3.778007507 -0.010122693 0.999930739 -0.005994818 -0.914414167 -0.588432968 -0.001109521 0.808545291 85.031425476
0.768431842 0.010696846 0.639842212 -3.501708984 -0.009300893 0.999941289 -0.005546863 -0.919634342 -0.639863968 -0.001688718 0.768486321 85.302810669
0.726603568 0.010034307 0.686983585 -3.203132629 -0.010149394 0.999940932 -0.003870733 -0.923431277 -0.686981916 -0.004159979 0.726662517 85.537353516
0.681980133 0.009264845 0.731311977 -2.901557922 -0.009103132 0.999949813 -0.004179101 -0.924484134 -0.731314063 -0.003807166 0.682030320 85.751113892
0.636088967 0.007272871 0.771581352 -2.569816589 -0.005737315 0.999972522 -0.004695846 -0.941691279 -0.771594286 -0.001439831 0.636113346 85.955322266
0.589397967 0.004122972 0.807832181 -2.246994019 0.000839488 0.999983311 -0.005716157 -0.947421253 -0.807842195 0.004047257 0.589384735 86.126754761
0.542984843 0.005938140 0.839721322 -1.911903381 -0.001336418 0.999979854 -0.006207255 -0.959875464 -0.839741349 0.002248228 0.542981863 86.292022705
0.496069044 0.009410714 0.868232012 -1.573486328 -0.004624125 0.999955714 -0.008196440 -0.960524440 -0.868270755 0.000051186 0.496090531 86.447204590
0.450961828 0.010563567 0.892480671 -1.233051300 -0.005065358 0.999944150 -0.009276048 -0.976765752 -0.892528892 -0.000337591 0.450990140 86.575401306
0.408203363 0.009000234 0.912846565 -0.878210068 0.001402345 0.999944031 -0.010486068 -0.978128672 -0.912889898 0.005560574 0.408167899 86.691650391
0.367583036 0.001021437 0.929990053 -0.511901855 0.015696002 0.999850154 -0.007302084 -0.989984035 -0.929858208 0.017281247 0.367511898 86.799728394
0.332192093 -0.002292835 0.943208992 -0.145448685 0.019751552 0.999794781 -0.004525982 -0.991679192 -0.943004847 0.020133337 0.332169235 86.890991211
0.298874944 0.001247454 0.954291523 0.218715668 0.017106030 0.999831498 -0.006664430 -1.002258658 -0.954138875 0.018315967 0.298803329 86.986724854
0.268092990 0.008902367 0.963351905 0.589353561 0.006404246 0.999918759 -0.011022534 -1.015775204 -0.963371813 0.009124606 0.268014222 87.085166931
0.239550099 0.013672874 0.970787764 0.968404770 0.001352193 0.999895155 -0.014416496 -1.030236244 -0.970883012 0.004766167 0.239506468 87.174301147
0.213806301 0.015263983 0.976756811 1.358606339 0.002765581 0.999864519 -0.016230464 -1.044067144 -0.976872146 0.006171475 0.213735074 87.239486694
0.190311909 0.016797587 0.981580019 1.769577026 0.009930594 0.999769509 -0.019034239 -1.051952362 -0.981673479 0.013370114 0.190101191 87.295738220
0.170441270 0.022637539 0.985107839 2.182312965 0.016940808 0.999520957 -0.025899816 -1.056150436 -0.985222280 0.021102920 0.169976145 87.336654663
0.150474980 0.029879959 0.988162160 2.611102104 0.019302487 0.999263942 -0.033154979 -1.048945427 -0.988425314 0.024062984 0.149787426 87.393722534
0.132815629 0.030493816 0.990671575 3.049983978 0.017015841 0.999309123 -0.033040937 -1.062250614 -0.990994632 0.021245457 0.132204965 87.448379517
0.117428564 0.026322987 0.992732465 3.510582924 0.014970362 0.999488115 -0.028272938 -1.084260702 -0.992968380 0.018181609 0.116974398 87.499015808
0.102999195 0.022985980 0.994415820 3.979713440 0.014798890 0.999586940 -0.024638342 -1.104985595 -0.994571269 0.017253971 0.102616429 87.540176392
0.089744046 0.020564634 0.995752573 4.466357231 0.017927736 0.999591410 -0.022259692 -1.116857648 -0.995803475 0.019849261 0.089338727 87.572845459
0.078132711 0.019850954 0.996745408 4.961242676 0.021675978 0.999531507 -0.021605579 -1.130336285 -0.996707320 0.023293532 0.077665836 87.598060608
0.067951493 0.020439692 0.997479260 5.467854977 0.024942942 0.999442756 -0.022179123 -1.144437075 -0.997376800 0.026387172 0.067403823 87.622619629
0.060071904 0.021026514 0.997972608 6.005120277 0.026972502 0.999378741 -0.022679726 -1.155387402 -0.997829556 0.028280234 0.059467465 87.648262024
0.054696232 0.021301938 0.998275697 6.549388409 0.028799772 0.999322772 -0.022902245 -1.172464132 -0.998087585 0.030002786 0.054045703 87.670661926
0.049296800 0.022304244 0.998534977 7.109800339 0.030163284 0.999261379 -0.023809601 -1.187183499 -0.998328626 0.031292833 0.048587624 87.691238403
0.043380164 0.023009235 0.998793662 7.695580482 0.030368187 0.999242306 -0.024338543 -1.205514550 -0.998596966 0.031387363 0.042648554 87.714385986
0.038567204 0.022890374 0.998993814 8.301723480 0.032947246 0.999164879 -0.024166262 -1.222572207 -0.998712659 0.033846118 0.037780818 87.735900879
0.035714075 0.022947861 0.999098480 8.924981117 0.034271885 0.999120176 -0.024173450 -1.238741636 -0.998774230 0.035104319 0.034896184 87.752517700
0.032912467 0.022258071 0.999210358 9.562354088 0.035515524 0.999094546 -0.023425322 -1.259999871 -0.998827040 0.036258467 0.032092161 87.765350342
0.030433362 0.021571485 0.999303997 10.217792511 0.037722021 0.999030054 -0.022714382 -1.279337645 -0.998824775 0.038387034 0.029590128 87.783103943
0.029853782 0.021276463 0.999327779 10.896527290 0.041868109 0.998869359 -0.022517465 -1.297489405 -0.998677015 0.042512204 0.028929222 87.794815063
0.031115152 0.020868804 0.999297917 11.585939407 0.045647081 0.998709083 -0.022277825 -1.314287186 -0.998472869 0.046308216 0.030122390 87.810104370
0.033377253 0.020668924 0.999229074 12.293718338 0.047364749 0.998630047 -0.022238661 -1.336549401 -0.998319805 0.048070509 0.032352548 87.835853577
0.037240896 0.020784972 0.999090135 13.022733688 0.049728822 0.998506367 -0.022626463 -1.353861809 -0.998068213 0.050526209 0.036151662 87.858001709
0.041696258 0.020182483 0.998926461 13.762392998 0.050108630 0.998495400 -0.022265369 -1.374768972 -0.997873008 0.050983217 0.040622216 87.887863159
0.045817465 0.018586110 0.998776913 14.523126602 0.051919527 0.998431206 -0.020961411 -1.393009663 -0.997599661 0.052816425 0.044780612 87.922904968
0.049459670 0.017057074 0.998630404 15.278991699 0.050976261 0.998507798 -0.019579710 -1.414589167 -0.997474313 0.051874854 0.048516370 87.970573425
0.053632036 0.014955183 0.998448789 16.076774597 0.048243485 0.998681307 -0.017550083 -1.433105946 -0.997394681 0.049109891 0.052839831 88.017440796
0.057289369 0.014070693 0.998258471 16.871774673 0.047629122 0.998723567 -0.016810656 -1.449941874 -0.997220814 0.048509236 0.056546070 88.077941895
0.061540179 0.014708607 0.997996271 17.677228928 0.044962950 0.998835385 -0.017493559 -1.474254727 -0.997091353 0.045949403 0.060807176 88.133773804
0.064645648 0.018756870 0.997731984 18.474842072 0.042230099 0.998876333 -0.021514576 -1.502239227 -0.997014284 0.043525137 0.063780896 88.182472229
0.065874048 0.024395689 0.997529685 19.276136398 0.036371026 0.998978078 -0.026832949 -1.522253275 -0.997164845 0.038048770 0.064919434 88.247291565
0.065636389 0.027353914 0.997468531 20.083002090 0.033575166 0.998997509 -0.029605189 -1.550733209 -0.997278512 0.035433359 0.064652182 88.309707642
0.065957911 0.027043896 0.997455955 20.909233093 0.031059550 0.999092519 -0.029142123 -1.580834866 -0.997338772 0.032902673 0.065058090 88.369964600
0.066152595 0.025056390 0.997494876 21.723119736 0.028094843 0.999241412 -0.026963480 -1.615812302 -0.997413874 0.029808164 0.065398447 88.428916931
0.065982103 0.023862727 0.997535408 22.541641235 0.029143631 0.999241352 -0.025831245 -1.647178173 -0.997395039 0.030776205 0.065236583 88.484840393
0.065880530 0.023088021 0.997560382 23.365081787 0.026690163 0.999333739 -0.024891729 -1.682424784 -0.997470438 0.028264929 0.065220445 88.554580688
0.066200614 0.023416884 0.997531533 24.178134918 0.024996031 0.999371827 -0.025118936 -1.713708401 -0.997493207 0.026597211 0.065573715 88.611991882
0.065794133 0.024179328 0.997540236 24.986446381 0.022061132 0.999426663 -0.025680127 -1.742883205 -0.997589290 0.023696469 0.065222986 88.677993774
0.064808622 0.025191221 0.997579694 25.799121857 0.019300917 0.999462605 -0.026492670 -1.779557467 -0.997710943 0.020971159 0.064287588 88.733444214
0.061900105 0.024952266 0.997770429 26.613430023 0.016238034 0.999529958 -0.026003651 -1.808490515 -0.997950256 0.017811460 0.061465833 88.793464661
0.057799537 0.023801716 0.998044431 27.422340393 0.013707766 0.999602616 -0.024632730 -1.838747501 -0.998234153 0.015104722 0.057450287 88.850349426
0.053118069 0.021335613 0.998360276 28.246519089 0.011760001 0.999689162 -0.021989707 -1.868290901 -0.998519003 0.012908769 0.052850645 88.896301270
0.047371250 0.019149745 0.998693824 29.059825897 0.009758210 0.999759614 -0.019633047 -1.897780418 -0.998829663 0.010675505 0.047172997 88.934226990
0.039667062 0.019665161 0.999019384 29.868253708 0.009069172 0.999758065 -0.020039802 -1.924636722 -0.999171793 0.009855201 0.039479114 88.969818115
0.031118095 0.020281445 0.999309838 30.660785675 0.008926309 0.999748588 -0.020568313 -1.954851866 -0.999475837 0.009560193 0.030929230 88.990211487
0.020803843 0.020926740 0.999564528 31.464059830 0.009416422 0.999732375 -0.021126242 -1.976197243 -0.999739110 0.009851827 0.020601217 89.010681152
0.010465289 0.019954093 0.999746025 32.268215179 0.011331155 0.999734282 -0.020072473 -2.003895760 -0.999881029 0.011538344 0.010236397 89.021110535
-0.000165120 0.018989820 0.999819636 33.059471130 0.010416432 0.999765515 -0.018987071 -2.031407118 -0.999945700 0.010411420 -0.000362890 89.017562866
-0.011241127 0.018281924 0.999769688 33.852436066 0.012012039 0.999763072 -0.018146750 -2.053635120 -0.999864638 0.011805283 -0.011458070 89.009544373
-0.021971157 0.018548636 0.999586582 34.634460449 0.012133460 0.999759138 -0.018285146 -2.079504013 -0.999684930 0.011726699 -0.022190923 88.987144470
-0.033244472 0.019350439 0.999259889 35.414318085 0.012319407 0.999744534 -0.018949965 -2.105808973 -0.999371290 0.011680306 -0.033474356 88.959655762
-0.043591108 0.020462133 0.998839855 36.185279846 0.011881619 0.999730110 -0.019961836 -2.131218433 -0.998978794 0.010997673 -0.043822452 88.921691895
-0.054325633 0.021326441 0.998295426 36.963630676 0.012365269 0.999709547 -0.020683756 -2.156964779 -0.998446643 0.011220532 -0.054573566 88.885925293
-0.063728780 0.022072289 0.997723162 37.727169037 0.013390740 0.999684274 -0.021260355 -2.181706905 -0.997877419 0.012005353 -0.064004235 88.833389282
-0.073330663 0.022354588 0.997057080 38.481109619 0.013697930 0.999677062 -0.021405887 -2.211168528 -0.997213602 0.012087911 -0.073613197 88.768898010
-0.082781084 0.023137348 0.996299088 39.241809845 0.014120349 0.999657273 -0.022042099 -2.230040312 -0.996467650 0.012243419 -0.083079450 88.714477539
-0.091366693 0.022344524 0.995566547 39.975360870 0.015319195 0.999661505 -0.021030536 -2.257103205 -0.995699465 0.013329784 -0.091678068 88.643516541
-0.098661698 0.021149771 0.994896173 40.710067749 0.016960941 0.999664664 -0.019569162 -2.284067631 -0.994976461 0.014943647 -0.098987348 88.568984985
-0.103624962 0.019629091 0.994422615 41.423049927 0.020214748 0.999640346 -0.017625578 -2.310677052 -0.994410932 0.018275553 -0.103984490 88.481796265
-0.107247166 0.018258326 0.994064689 42.145915985 0.023003334 0.999609232 -0.015878396 -2.329864502 -0.993966222 0.021163890 -0.107625261 88.395736694
-0.110058948 0.017220061 0.993775845 42.843460083 0.024787968 0.999586463 -0.014575525 -2.350432873 -0.993615925 0.023029516 -0.110440277 88.318099976
-0.111904912 0.016203770 0.993586838 43.532249451 0.024553059 0.999606907 -0.013536605 -2.374482870 -0.993415534 0.022880783 -0.112258792 88.240303040
-0.112430766 0.016890541 0.993516028 44.195144653 0.025843944 0.999567032 -0.014068791 -2.391184330 -0.993323445 0.024094606 -0.112818599 88.164657593
-0.111560732 0.017912140 0.993596137 44.853229523 0.026374631 0.999538720 -0.015057930 -2.412910461 -0.993407488 0.024525860 -0.111981705 88.087898254
-0.108588606 0.019723902 0.993891060 45.482765198 0.027562942 0.999478459 -0.016823363 -2.432199001 -0.993704557 0.025567740 -0.109075636 88.023399353
-0.103299789 0.019982010 0.994449437 46.098983765 0.027407015 0.999475718 -0.017236063 -2.456546783 -0.994272590 0.025474412 -0.103793271 87.961486816
-0.095610484 0.020689698 0.995203793 46.699451447 0.027303584 0.999462247 -0.018155141 -2.476787567 -0.995044291 0.025436811 -0.096123986 87.911827087
-0.084332980 0.020575032 0.996225178 47.282611847 0.026200455 0.999486864 -0.018424463 -2.497861147 -0.996093094 0.024547767 -0.084828794 87.869819641
-0.070960872 0.020771084 0.997262836 47.831001282 0.025247119 0.999500215 -0.019021215 -2.524155617 -0.997159600 0.023828251 -0.071449824 87.844413757
-0.053692885 0.021907395 0.998317182 48.376350403 0.023793766 0.999503434 -0.020653721 -2.547731161 -0.998274028 0.022644768 -0.054187499 87.827972412
-0.032489434 0.024534533 0.999170780 48.912643433 0.022052677 0.999472857 -0.023824878 -2.568883896 -0.999228776 0.021260334 -0.033013355 87.826370239
-0.007641532 0.027722893 0.999586344 49.439403534 0.020191474 0.999415994 -0.027563814 -2.589657784 -0.999767005 0.019972490 -0.008196823 87.837539673
0.020591076 0.029262489 0.999359548 49.957740784 0.018355647 0.999392092 -0.029641643 -2.612337589 -0.999619424 0.018954247 0.020041429 87.871253967
0.053506754 0.028641447 0.998156667 50.457218170 0.015504517 0.999444246 -0.029509526 -2.636284351 -0.998447120 0.017054895 0.053032942 87.922782898
0.093373746 0.025831640 0.995295942 50.898731232 0.014531149 0.999521494 -0.027304549 -2.665644407 -0.995525122 0.017012324 0.092953712 87.946121216
0.134714767 0.022535749 0.990628123 51.449611664 0.012810243 0.999618292 -0.024482321 -2.676786900 -0.990801692 0.015988313 0.134374648 88.063217163
0.179917678 0.018136937 0.983514547 51.940174103 0.009993723 0.999744773 -0.020264426 -2.697734594 -0.983630836 0.013474900 0.179690510 88.181549072
0.228729218 0.014958265 0.973375082 52.426044464 0.005660254 0.999844491 -0.016695114 -2.713335514 -0.973473608 0.009328212 0.228609040 88.321136475
0.280852348 0.013336615 0.959658265 52.887409210 0.002186251 0.999891996 -0.014535577 -2.730490685 -0.959748447 0.006180404 0.280792892 88.481521606
0.335119903 0.013042076 0.942085207 53.337356567 0.000752894 0.999900222 -0.014110277 -2.747208834 -0.942175150 0.005437926 0.335076690 88.678459167
0.392146975 0.014514948 0.919788003 53.755100250 0.003335906 0.999846399 -0.017200580 -2.749459267 -0.919896424 0.009813482 0.392038494 88.896484375
0.452738792 0.017064363 0.891479909 54.175086975 0.004283175 0.999763668 -0.021312304 -2.772923470 -0.891632915 0.013467272 0.452558786 89.134651184
0.513007104 0.020669237 0.858135462 54.573074341 0.005335672 0.999613881 -0.027266670 -2.786724806 -0.858367801 0.018566726 0.512698829 89.398986816
0.572084188 0.025880538 0.819786489 54.931838989 0.001861358 0.999458432 -0.032851696 -2.783864498 -0.820192814 0.020319853 0.571726263 89.681228638
0.624809980 0.028453594 0.780258238 55.248104095 -0.002294236 0.999398291 -0.034607790 -2.804195404 -0.780773520 0.019833189 0.624499261 90.033203125
0.678157330 0.028852860 0.734350145 55.573745728 -0.003922381 0.999356866 -0.035642825 -2.826211214 -0.734906375 0.021291036 0.677834272 90.375473022
0.726425469 0.026720088 0.686725736 55.851669312 -0.004190280 0.999397516 -0.034453448 -2.846002579 -0.687232494 0.022150289 0.726099730 90.731147766
0.771106243 0.024582161 0.636231840 56.107574463 -0.007272779 0.999529302 -0.029804401 -2.854952097 -0.636664987 0.018355181 0.770921946 91.118270874
0.812914848 0.019861458 0.582043707 56.366001129 -0.007661140 0.999696493 -0.023413319 -2.861805916 -0.582332075 0.014573918 0.812820375 91.524414062
0.849607766 0.017898275 0.527111173 56.585884094 -0.010329606 0.999796987 -0.017299064 -2.870103836 -0.527313709 0.009252569 0.849620342 91.948554993
0.880387902 0.014690429 0.474026769 56.765193939 -0.011293354 0.999886096 -0.010012570 -2.879329681 -0.474119782 0.003461593 0.880453587 92.380485535
0.906034410 0.015424765 0.422922641 56.926887512 -0.015082191 0.999877512 -0.004156541 -2.894807577 -0.422935009 -0.002612632 0.906156301 92.812713623
0.925775707 0.016993763 0.377690911 57.035583496 -0.018290900 0.999832630 -0.000152640 -2.914290428 -0.377630264 -0.006766997 0.925931811 93.211555481
0.940764546 0.022923496 0.338284731 57.159755707 -0.025120623 0.999682188 0.002117692 -2.918265343 -0.338128686 -0.010490175 0.941041350 93.671134949
0.952610493 0.027128449 0.302980542 57.271278381 -0.028894529 0.999581635 0.001347072 -2.921275616 -0.302817285 -0.010037716 0.952995658 94.131217957
0.961692393 0.029604224 0.272527814 57.373455048 -0.031168243 0.999513149 0.001410678 -2.921532869 -0.272353351 -0.009850851 0.962146878 94.595947266
0.967769504 0.024452798 0.250647575 57.484302521 -0.025636904 0.999670208 0.001459744 -2.926178455 -0.250529289 -0.007838523 0.968077242 95.062805176
0.971715748 0.021336155 0.235187516 57.589866638 -0.022592619 0.999741256 0.002648847 -2.939864159 -0.235070199 -0.007887430 0.971946239 95.544174194
0.974560499 0.025724949 0.222643241 57.681648254 -0.026904155 0.999635518 0.002264422 -2.943846464 -0.222503826 -0.008196844 0.974897265 96.039093018
0.976549268 0.031056298 0.213042080 57.768791199 -0.032524187 0.999465227 0.003388018 -2.946433067 -0.212822974 -0.010237588 0.977037072 96.562194824
0.977689624 0.037209079 0.206732437 57.871814728 -0.038271874 0.999266684 0.001142690 -2.932681561 -0.206538334 -0.009029234 0.978396833 97.046127319
0.978016794 0.043134745 0.204015881 57.963569641 -0.043570884 0.999047458 -0.002355752 -2.938297749 -0.203923211 -0.006585188 0.978964686 97.564880371
0.978139222 0.044679329 0.203094393 58.070667267 -0.044576522 0.998992920 -0.005082828 -2.945036650 -0.203116968 -0.004081528 0.979146063 98.104919434
0.977566004 0.043653972 0.206055790 58.179672241 -0.042811289 0.999046564 -0.008548630 -2.957077503 -0.206232518 -0.000464661 0.978502870 98.639717102
0.976895034 0.041954786 0.209561095 58.305934906 -0.039675385 0.999098897 -0.015071005 -2.961961746 -0.210004553 0.006408377 0.977679372 99.194435120
0.976107717 0.041768834 0.213234469 58.440986633 -0.038425658 0.999065220 -0.019800704 -2.967342854 -0.213862225 0.011133944 0.976800323 99.745803833
0.974847317 0.046643406 0.217937917 58.557182312 -0.043414425 0.998865128 -0.019583683 -2.977186918 -0.218604028 0.009629452 0.975766242 100.331153870
0.973434567 0.049719717 0.223501995 58.687034607 -0.047426354 0.998752534 -0.015620627 -2.990142345 -0.223999858 0.004605772 0.974578321 100.917770386
0.972495854 0.046376307 0.228256434 58.831653595 -0.045031782 0.998923898 -0.011097911 -3.000789642 -0.228525504 0.000513877 0.973537803 101.515235901
0.971775770 0.042235918 0.232094318 58.982467651 -0.042161740 0.999096811 -0.005282331 -3.015684128 -0.232107788 -0.004652261 0.972679019 102.136032104
0.971029580 0.039965518 0.235593662 59.137702942 -0.041021686 0.999158144 -0.000418546 -3.027922630 -0.235412017 -0.009258028 0.971851528 102.754669189
0.970431924 0.035139572 0.238803282 59.293567657 -0.036247600 0.999342799 0.000248525 -3.035655260 -0.238637596 -0.008897223 0.971068025 103.393486023
0.970455587 0.031721003 0.239186049 59.453487396 -0.031907886 0.999486029 -0.003091819 -3.040735245 -0.239161164 -0.004631448 0.970968902 104.035713196
0.970624745 0.030992510 0.238594115 59.616714478 -0.029490743 0.999516368 -0.009862280 -3.052598000 -0.238784373 0.002536257 0.971069276 104.679550171
0.970802367 0.033397999 0.237545058 59.774208069 -0.030348320 0.999403417 -0.016484680 -3.064221144 -0.237953976 0.008794269 0.971236587 105.322204590
0.971390009 0.036180276 0.234717876 59.930938721 -0.032331966 0.999272466 -0.020224305 -3.072769642 -0.235278875 0.012056796 0.971853137 105.999305725
0.971962750 0.034883246 0.232533082 60.088851929 -0.031996671 0.999356985 -0.016175097 -3.081870079 -0.232947841 0.008281308 0.972453952 106.694740295
0.972344756 0.030905453 0.231496647 60.254478455 -0.029757239 0.999521315 -0.008450932 -3.099096775 -0.231647030 0.001328519 0.972799003 107.404266357
0.972962320 0.031170039 0.228850275 60.425048828 -0.031422034 0.999502957 -0.002543508 -3.113488197 -0.228815794 -0.004716204 0.973458290 108.130897522
0.973208010 0.034626458 0.227303475 60.582687378 -0.034787592 0.999389231 -0.003298465 -3.123840332 -0.227278888 -0.004697246 0.973818362 108.862831116
0.973570585 0.039981704 0.224859297 60.739494324 -0.039196886 0.999199808 -0.007955093 -3.133824587 -0.224997431 -0.001068939 0.974358737 109.588623047
0.974400997 0.040938579 0.221057758 60.903656006 -0.039014261 0.999153137 -0.013066186 -3.146393299 -0.221405476 0.004107301 0.975173175 110.327064514
0.975338161 0.039553680 0.217142060 61.069427490 -0.036964472 0.999188840 -0.015974447 -3.158303261 -0.217597768 0.007553948 0.976009309 111.084465027
0.976297915 0.037321988 0.213188142 61.238555908 -0.035043105 0.999281108 -0.014459708 -3.171751022 -0.213574544 0.006646208 0.976904154 111.861366272
0.977102101 0.033930469 0.210047826 61.403030396 -0.032066304 0.999410331 -0.012275309 -3.190233707 -0.210340440 0.005258774 0.977614045 112.636238098
0.977548361 0.032620337 0.208170846 61.571132660 -0.031307377 0.999463677 -0.009599668 -3.203966618 -0.208372340 0.002866859 0.978045404 113.430877686
0.977865636 0.029836869 0.207095221 61.737201691 -0.028969288 0.999554157 -0.007221247 -3.217716932 -0.207218334 0.001062009 0.978294134 114.231910706
0.978089392 0.024426069 0.206747070 61.909317017 -0.023671024 0.999700963 -0.006125315 -3.229027987 -0.206834882 0.001097191 0.978375196 115.023323059
0.978191137 0.025301324 0.206159309 62.074325562 -0.024893781 0.999679565 -0.004570952 -3.240862370 -0.206208929 -0.000660819 0.978507757 115.826019287
0.977953672 0.030869951 0.206527486 62.237026215 -0.030231725 0.999523401 -0.006246220 -3.259436131 -0.206621870 -0.000135167 0.978420913 116.650573730
0.977710307 0.036129452 0.206826523 62.404514313 -0.034850586 0.999344289 -0.009824563 -3.267203093 -0.207045868 0.002397551 0.978328288 117.467613220
0.977134168 0.044772111 0.207856864 62.565078735 -0.043360483 0.998995125 -0.011344873 -3.279200792 -0.208155915 0.002072688 0.978093505 118.300247192
0.976238549 0.050582737 0.210712403 62.728897095 -0.049371757 0.998719811 -0.011007293 -3.290904284 -0.210999429 0.000342503 0.977486134 119.129035950
0.975423098 0.053185485 0.213824481 62.897750854 -0.052513704 0.998581290 -0.008824691 -3.315101147 -0.213990450 -0.002620909 0.976832271 119.969429016
0.974877894 0.053854868 0.216130674 63.080692291 -0.053061727 0.998546422 -0.009475053 -3.337517738 -0.216326788 -0.002231248 0.976318479 120.792419434
0.974517465 0.052236371 0.218144089 63.261894226 -0.050745711 0.998634219 -0.012434189 -3.349825859 -0.218495682 0.001047458 0.975837409 121.625045776
0.974492669 0.046244487 0.219602630 63.454093933 -0.044919133 0.998929739 -0.011027300 -3.368955135 -0.219877571 0.000881664 0.975527108 122.466827393
0.974777520 0.039772909 0.219605878 63.655227661 -0.037907526 0.999200463 -0.012703216 -3.389655590 -0.219935551 0.004058093 0.975506008 123.289024353
0.974574804 0.038549695 0.220720649 63.840721130 -0.036704578 0.999248505 -0.012456344 -3.414609909 -0.221034974 0.004038183 0.975257516 124.124160767
0.974016309 0.041069064 0.222722575 64.026718140 -0.039938260 0.999156177 -0.009580955 -3.432147503 -0.222928137 0.000436855 0.974834859 124.970375061
0.973567367 0.043383867 0.224241808 64.207809448 -0.043634877 0.999040127 -0.003838428 -3.448768616 -0.224193096 -0.006047796 0.974525988 125.814125061
0.973190069 0.047390789 0.225066632 64.391639709 -0.048670642 0.998814821 0.000138494 -3.465897322 -0.224793360 -0.011088921 0.974343359 126.655364990
0.972976685 0.046484683 0.226175725 64.577667236 -0.046282388 0.998909295 -0.006199997 -3.483932972 -0.226217225 -0.004435500 0.974066734 127.467315674
0.973240912 0.042243723 0.225870535 64.767623901 -0.038579091 0.999042869 -0.020615973 -3.504794836 -0.226525247 0.011350427 0.973939121 128.273178101
