1.000000000 -0.000000000 0.000000000 0.000000000 -0.000000000 1.000000000 0.000000000 0.000000000 0.000000000 0.000000000 1.000000000 0.000000000
0.999978960 0.000410909 -0.006475412 -0.008137709 -0.000408350 0.999999821 0.000396578 -0.001913492 0.006475573 -0.000393925 0.999978960 0.091533370
0.999907494 0.000927034 -0.013571016 -0.016442403 -0.000924796 0.999999583 0.000171160 -0.001855711 0.013571168 -0.000158593 0.999907911 0.188329250
0.999772370 0.001388717 -0.021291539 -0.025992822 -0.001401084 0.999998868 -0.000565971 -0.002063784 0.021290729 0.000595674 0.999773145 0.285361260
0.999541640 0.001716109 -0.030225206 -0.042934358 -0.001776623 0.999996483 -0.001975357 -0.001919408 0.030221710 0.002028150 0.999541163 0.390540421
0.999125302 0.001931073 -0.041771334 -0.058767788 -0.002075962 0.999991953 -0.003425514 -0.004974678 0.041764386 0.003509234 0.999121308 0.500972927
0.998479366 0.001742574 -0.055098731 -0.084193617 -0.001968534 0.999989867 -0.004047000 -0.007914299 0.055091124 0.004149310 0.998472691 0.625740469
0.997427642 0.001847676 -0.071656756 -0.108502343 -0.002171154 0.999987781 -0.004436654 -0.003926051 0.071647681 0.004580819 0.997419477 0.760953844
0.995906234 0.000230292 -0.090392224 -0.134844974 -0.000610794 0.999991059 -0.004181818 -0.008979920 0.090390451 0.004219910 0.995897472 0.916836262
0.993912816 -0.000736141 -0.110166974 -0.175974771 0.000256101 0.999990404 -0.004371478 -0.012495132 0.110169135 0.004316654 0.993903458 1.075559616
0.991252840 -0.000702086 -0.131975725 -0.220537052 0.000068841 0.999988437 -0.004802697 -0.011993946 0.131977573 0.004751601 0.991241276 1.226524591
0.987751603 0.002866803 -0.156008005 -0.276602924 -0.003863884 0.999974012 -0.006088338 -0.017316032 0.155986488 0.006616562 0.987737060 1.395049691
0.983372152 0.007249051 -0.181457639 -0.342971981 -0.008739819 0.999934256 -0.007417256 -0.024408448 0.181391940 0.008879828 0.983370841 1.569530010
0.977987111 0.010179258 -0.208417058 -0.415780425 -0.012230295 0.999888599 -0.008554704 -0.027152393 0.208306760 0.010915390 0.978002667 1.751021504
0.971301973 0.010887430 -0.237600237 -0.494999707 -0.013374115 0.999871373 -0.008856367 -0.028319743 0.237473264 0.011779901 0.971322656 1.937172890
0.963236630 0.012631678 -0.268357456 -0.583369851 -0.015419372 0.999846756 -0.008282840 -0.032930054 0.268211752 0.012116235 0.963283777 2.133929729
0.953830659 0.014715575 -0.299984038 -0.679457426 -0.017736927 0.999815702 -0.007350938 -0.034349047 0.299820572 0.012332343 0.953915834 2.316135645
0.942566156 0.016515184 -0.333611280 -0.780172110 -0.019745531 0.999785185 -0.006294230 -0.034493230 0.333435655 0.012520057 0.942689717 2.506113291
0.930024981 0.018692056 -0.367020577 -0.882061660 -0.022283906 0.999736309 -0.005551348 -0.040079217 0.366820037 0.013341543 0.930196226 2.684577942
0.916154087 0.021506457 -0.400248826 -1.001680374 -0.025636820 0.999658942 -0.004967293 -0.039775826 0.400005460 0.014811913 0.916393101 2.864693165
0.900129139 0.022402888 -0.435046792 -1.119206071 -0.026907302 0.999629140 -0.004196021 -0.042500243 0.434791446 0.015482896 0.900398016 3.038955688
0.881712258 0.018142819 -0.471438497 -1.242211580 -0.023054594 0.999723434 -0.004644753 -0.044847507 0.471223831 0.014964160 0.881886721 3.215206146
0.860515118 0.013656331 -0.509241819 -1.373993635 -0.018671900 0.999814391 -0.004739703 -0.050571136 0.509082615 0.013587096 0.860610366 3.385137558
0.835473180 0.015246607 -0.549319625 -1.535411596 -0.019262020 0.999813318 -0.001545803 -0.054197386 0.549193501 0.011872482 0.835610867 3.565762997
0.806295455 0.020825576 -0.591146231 -1.712925196 -0.023934333 0.999710202 0.002573648 -0.060096435 0.591028631 0.012073571 0.806560159 3.730815411
0.773839355 0.024041990 -0.632925451 -1.915005445 -0.027399983 0.999614596 0.004470569 -0.062775023 0.632788897 0.013882643 0.774199724 3.903818607
0.738025308 0.023104228 -0.674377441 -2.126669884 -0.026492292 0.999635339 0.005254949 -0.065181576 0.674252808 0.013987521 0.738368094 4.068786621
0.698031425 0.018732887 -0.715822220 -2.344419956 -0.020488961 0.999770939 0.006184030 -0.062155299 0.715773940 0.010349805 0.698255301 4.236661911
0.655099750 0.015007163 -0.755393386 -2.581830025 -0.015066573 0.999863327 0.006797790 -0.060913477 0.755392194 0.006927960 0.655236304 4.400173187
0.611237645 0.014513880 -0.791314065 -2.845356941 -0.012353290 0.999885023 0.008797283 -0.060426004 0.791350722 0.004398101 0.611346602 4.536198139
0.562700212 0.015121729 -0.826522708 -3.123162270 -0.010052798 0.999883950 0.011449487 -0.057399061 0.826599836 0.001866238 0.562786877 4.678348541
0.512148499 0.015704395 -0.858753443 -3.417158604 -0.008366983 0.999876618 0.013295226 -0.052323371 0.858856261 0.000376046 0.512216628 4.795833111
0.459348202 0.016887665 -0.888095737 -3.723380804 -0.007345444 0.999857187 0.015213607 -0.045199633 0.888225913 -0.000464886 0.459406674 4.902677536
0.404783756 0.019074574 -0.914213538 -4.056899071 -0.005942846 0.999816060 0.018229332 -0.043154985 0.914393067 -0.001945906 0.404822707 4.998484612
0.349091917 0.020958038 -0.936854124 -4.410543442 -0.005770322 0.999778986 0.020215565 -0.034847319 0.937070727 -0.001651139 0.349135697 5.086332798
0.293769211 0.024204755 -0.955569863 -4.786929607 -0.002954516 0.999697566 0.024414215 -0.032358617 0.955871820 -0.004348897 0.293751895 5.159495354
0.240087256 0.025837924 -0.970407426 -5.131592751 0.002077692 0.999629796 0.027130034 -0.032188714 0.970749021 -0.008529782 0.239944682 5.216383934
0.189207226 0.026294453 -0.981585026 -5.520461559 0.004344858 0.999609172 0.027614782 -0.027904555 0.981927574 -0.009489765 0.189019069 5.251125813
0.141528532 0.027324183 -0.989556968 -5.939929962 0.001642903 0.999611139 0.027836774 -0.019652396 0.989932835 -0.005565443 0.141428649 5.273243427
0.099045709 0.027649239 -0.994698703 -6.373571873 0.000455344 0.999612510 0.027831165 -0.010138601 0.995082855 -0.003209488 0.098994777 5.278121948
0.061116770 0.026261311 -0.997785151 -6.820303440 -0.001168910 0.999655008 0.026238926 -0.000354499 0.998129964 -0.000437319 0.061126426 5.270380020
0.026759215 0.023470398 -0.999366343 -7.274647713 0.000542612 0.999723792 0.023493322 0.004124597 0.999641716 -0.001170930 0.026739091 5.262842178
-0.004366491 0.020835856 -0.999773264 -7.749502659 0.000898831 0.999782562 0.020832118 0.008111328 0.999989986 -0.000807664 -0.004384268 5.232796192
-0.031132502 0.019036405 -0.999333978 -8.240209579 0.000602718 0.999818802 0.019026859 0.015256748 0.999515116 -0.000009963 -0.031138333 5.194989204
-0.051580966 0.016545113 -0.998531699 -8.748151779 -0.000523889 0.999862254 0.016594216 0.026457451 0.998668671 0.001379065 -0.051565189 5.146389961
-0.068262011 0.015557141 -0.997546077 -9.261746407 0.000457989 0.999878764 0.015562182 0.037903979 0.997667313 0.000605441 -0.068260849 5.105847359
-0.081290610 0.015852947 -0.996564329 -9.799311638 0.000743787 0.999874234 0.015844926 0.047132120 0.996690154 0.000546812 -0.081292160 5.051013947
-0.090873823 0.017402384 -0.995710373 -10.356451035 0.000639995 0.999848127 0.017416295 0.048110813 0.995862246 0.000945435 -0.090871170 4.991367817
-0.097753108 0.018610105 -0.995036662 -10.926046371 -0.001077760 0.999822676 0.018805495 0.049079701 0.995210111 0.002910706 -0.097715721 4.928846836
-0.102110684 0.019577086 -0.994580388 -11.525603294 -0.001387242 0.999802589 0.019822303 0.052298039 0.994772077 0.003403792 -0.102063380 4.856966972
-0.103397600 0.020220609 -0.994434655 -12.136741638 0.000681300 0.999794662 0.020258760 0.064699069 0.994639874 0.001417199 -0.103390135 4.787327766
-0.102576144 0.022391474 -0.994473159 -12.749135017 0.002587815 0.999749303 0.022243351 0.070451126 0.994721770 -0.000291875 -0.102608360 4.728403091
-0.101085030 0.024777805 -0.994569182 -13.388281822 0.001891399 0.999692857 0.024713216 0.078652546 0.994875968 0.000617009 -0.101100855 4.662426949
-0.099303968 0.024850033 -0.994746745 -14.052138329 -0.000219608 0.999687552 0.024995379 0.081315249 0.995057106 0.002700595 -0.099267505 4.588439941
-0.097721964 0.022396127 -0.994961679 -14.719277382 -0.001839036 0.999740958 0.022684330 0.091028273 0.995211959 0.004046528 -0.097655468 4.520550728
-0.096350946 0.022119584 -0.995101631 -15.399131775 -0.002084833 0.999746323 0.022424694 0.105338290 0.995345294 0.004235261 -0.096280389 4.451323509
-0.094390184 0.024819514 -0.995225847 -16.105480194 -0.002781151 0.999678791 0.025194332 0.115085721 0.995531380 0.005145971 -0.094290823 4.377180576
-0.092644200 0.028397875 -0.995294273 -16.821247101 -0.003503407 0.999577761 0.028846193 0.124667019 0.995693147 0.006159354 -0.092505589 4.307867050
-0.091072217 0.030374493 -0.995381057 -17.550539017 -0.003462194 0.999518991 0.030817544 0.137228966 0.995838284 0.006252825 -0.090923257 4.238821030
-0.089183666 0.029744994 -0.995570958 -18.294593811 -0.005515940 0.999523878 0.030357219 0.148561597 0.996000051 0.008198876 -0.088977121 4.163712502
-0.087354511 0.026520638 -0.995824218 -19.048402786 -0.008151783 0.999593079 0.027336093 0.166492671 0.996143997 0.010505673 -0.087102771 4.086972237
-0.085891016 0.025969952 -0.995965958 -19.822813034 -0.008647581 0.999603152 0.026810549 0.180889040 0.996267080 0.010915481 -0.085632354 4.023115158
-0.084370263 0.028507028 -0.996026635 -20.593318939 -0.006788226 0.999550998 0.029182915 0.193116248 0.996411383 0.009223423 -0.084138870 3.955214262
-0.083226845 0.030611007 -0.996060431 -21.382968903 -0.004847127 0.999503970 0.031121835 0.207052439 0.996518791 0.007418204 -0.083037175 3.888243198
-0.081800357 0.032512769 -0.996118367 -22.183204651 -0.003685163 0.999451101 0.032924168 0.218094498 0.996641934 0.006364068 -0.081635647 3.819301605
-0.081061840 0.027971484 -0.996316493 -22.986816406 -0.003436606 0.999592364 0.028343061 0.227849513 0.996703088 0.005721488 -0.080932677 3.746092319
-0.081011407 0.020759599 -0.996497035 -23.784044266 -0.002312648 0.999776483 0.021015935 0.239452600 0.996710539 0.004007076 -0.080945291 3.685938358
-0.081130974 0.016356234 -0.996569395 -24.615192413 0.001344072 0.999866188 0.016300930 0.248826429 0.996702552 -0.000016950 -0.081142090 3.617176056
-0.081570573 0.016949784 -0.996523440 -25.444459915 0.002571406 0.999855638 0.016795976 0.261442244 0.996664286 -0.001192410 -0.081602372 3.547729969
-0.081393905 0.024808399 -0.996373236 -26.279918671 0.002092681 0.999692261 0.024720088 0.262684703 0.996679842 -0.000073027 -0.081420749 3.468443871
-0.082150191 0.031626154 -0.996118069 -27.133996964 0.000143569 0.999496818 0.031721588 0.275983334 0.996619940 0.002462922 -0.082113378 3.403265715
-0.082219444 0.037167445 -0.995921016 -27.972751617 -0.001595919 0.999298215 0.037425246 0.283660233 0.996612966 0.004666492 -0.082102425 3.319567680
-0.082550004 0.037620667 -0.995876670 -28.816801071 -0.003327254 0.999271274 0.038024716 0.294356227 0.996581376 0.006452475 -0.082364671 3.242691994
-0.082863741 0.033809114 -0.995987236 -29.656074524 -0.003294760 0.999409676 0.034199409 0.314073741 0.996555388 0.006115430 -0.082703426 3.164265871
-0.082995065 0.031043556 -0.996066332 -30.500135422 -0.003602253 0.999498904 0.031450685 0.330760717 0.996543467 0.006198335 -0.082841650 3.079693794
-0.083141036 0.032429464 -0.996010005 -31.337488174 -0.004758057 0.999446094 0.032938518 0.344675720 0.996526420 0.007477616 -0.082940683 3.003934622
-0.083133966 0.034712687 -0.995933712 -32.177402496 -0.005729373 0.999360025 0.035310369 0.355535746 0.996521950 0.008641567 -0.082881875 2.932523251
-0.082977615 0.033333391 -0.995993793 -33.006481171 -0.006833035 0.999397933 0.034016591 0.363250554 0.996528029 0.009628274 -0.082699887 2.854854822
-0.082836352 0.028165769 -0.996165037 -33.832828522 -0.007413466 0.999555409 0.028878106 0.375287056 0.996535659 0.009777191 -0.082590699 2.785358429
-0.082338415 0.023845177 -0.996319175 -34.665679932 -0.009230858 0.999652624 0.024687819 0.388267785 0.996561706 0.011229636 -0.082089700 2.703177691
-0.081811711 0.024719691 -0.996341228 -35.490631104 -0.008935072 0.999634027 0.025535060 0.395249844 0.996607780 0.010991449 -0.081560895 2.633756161
-0.081267469 0.027095495 -0.996324003 -36.323013306 -0.007550560 0.999585032 0.027800059 0.404078841 0.996663809 0.009782044 -0.081029169 2.563786507
-0.080451556 0.032260559 -0.996236384 -37.168910980 -0.007366048 0.999429584 0.032958809 0.412473619 0.996731281 0.009989911 -0.080168024 2.482213497
-0.080155209 0.037589651 -0.996073484 -38.003925323 -0.006911005 0.999243736 0.038265429 0.431461811 0.996758521 0.009951040 -0.079834804 2.419009924
-0.080113240 0.040942084 -0.995944560 -38.839977264 -0.007361582 0.999104500 0.041664153 0.445089102 0.996758521 0.010669577 -0.079740100 2.341364622
-0.079862066 0.040988155 -0.995962858 -39.670757294 -0.006690570 0.999109626 0.041654155 0.464429379 0.996783495 0.009990145 -0.079516731 2.271826744
-0.079655752 0.036468390 -0.996155143 -40.493129730 -0.007406189 0.999281287 0.037175070 0.483238101 0.996794879 0.010338921 -0.079328410 2.202583075
-0.079228580 0.032375574 -0.996330559 -41.327175140 -0.008079857 0.999418736 0.033118449 0.495870113 0.996823788 0.010674136 -0.078920916 2.121436834
-0.078968607 0.029622676 -0.996436834 -42.152114868 -0.012371491 0.999452293 0.030692779 0.507855773 0.996800363 0.014751175 -0.078558870 2.042035580
-0.079416990 0.027860770 -0.996451974 -42.977264404 -0.015151481 0.999460101 0.029152449 0.520497262 0.996726334 0.017412927 -0.078951970 1.964010000
-0.080343075 0.025879210 -0.996431291 -43.797767639 -0.013373818 0.999544978 0.027038420 0.527722180 0.996677518 0.015498442 -0.079960436 1.906860352
-0.081659362 0.022003373 -0.996417522 -44.626831055 -0.009796674 0.999690294 0.022878516 0.538260818 0.996612191 0.011629822 -0.081418522 1.843277693
-0.081933007 0.020582573 -0.996425271 -45.449001312 -0.005512930 0.999762177 0.021104813 0.547495246 0.996622622 0.007222406 -0.081800051 1.766930580
-0.084021039 0.024300626 -0.996167660 -46.273094177 -0.005414828 0.999676704 0.024842938 0.549148798 0.996449232 0.007481406 -0.083862305 1.693074703
-0.085745946 0.030473566 -0.995850921 -47.084808350 -0.002881103 0.999520361 0.030833930 0.555519283 0.996312916 0.005513034 -0.085617028 1.623501301
-0.087641321 0.034412868 -0.995557487 -47.900188446 -0.000990998 0.999399722 0.034632914 0.562716603 0.996151626 0.004021872 -0.087554611 1.551331997
-0.088704959 0.033538159 -0.995493174 -48.701828003 -0.001676190 0.999426544 0.033820044 0.570214868 0.996056557 0.004668640 -0.088597886 1.470141888
-0.089519113 0.029513644 -0.995547771 -49.500831604 -0.005051780 0.999534488 0.030086095 0.580447555 0.995972395 0.007722568 -0.089328349 1.384189606
-0.090499856 0.026009047 -0.995556891 -50.290931702 -0.009836449 0.999586821 0.027008506 0.587688625 0.995847881 0.012237009 -0.090206616 1.296620369
-0.092007585 0.024695937 -0.995452106 -51.082550049 -0.013994935 0.999561608 0.026091414 0.595923781 0.995660007 0.016331894 -0.091621615 1.210657120
-0.093044586 0.025630400 -0.995332062 -51.874011993 -0.015625466 0.999507964 0.027198615 0.603899837 0.995539367 0.018083211 -0.092598312 1.130382538
-0.094096541 0.027352320 -0.995187342 -52.661739349 -0.015543436 0.999460340 0.028939418 0.610607743 0.995441735 0.018191732 -0.093620591 1.052770615
-0.094964936 0.026682999 -0.995122969 -53.443462372 -0.017364817 0.999444187 0.028456002 0.618321955 0.995329082 0.019982448 -0.094448797 0.969452858
-0.095511056 0.026542101 -0.995074451 -54.220893860 -0.018144159 0.999431908 0.028399875 0.625632226 0.995262980 0.020767290 -0.094975203 0.887943268
-0.096191429 0.028361216 -0.994958758 -54.997463226 -0.016416883 0.999412835 0.030075340 0.634908199 0.995227456 0.019227112 -0.095669344 0.814073086
-0.096405908 0.031139484 -0.994854927 -55.764850616 -0.015906161 0.999334753 0.032821078 0.646682262 0.995215058 0.018988468 -0.095846467 0.739867687
-0.096612602 0.035408471 -0.994692028 -56.548828125 -0.015629508 0.999189794 0.037086640 0.656241894 0.995199323 0.019129578 -0.095980898 0.654765129
-0.097161479 0.037409056 -0.994565368 -57.309604645 -0.015769906 0.999110043 0.039120596 0.670267701 0.995143652 0.019485215 -0.096485063 0.578111172
-0.097978078 0.037473373 -0.994482815 -58.060939789 -0.015416506 0.999113679 0.039166730 0.680957079 0.995069146 0.019168928 -0.097313546 0.502170086
-0.098184213 0.035770006 -0.994525194 -58.801651001 -0.014715426 0.999192297 0.037390646 0.689475298 0.995059431 0.018306030 -0.097578540 0.426676750
-0.098313116 0.031860963 -0.994645476 -59.528121948 -0.014104285 0.999342322 0.033405524 0.706410289 0.995055556 0.017312964 -0.097799085 0.351438522
-0.098022543 0.028995380 -0.994761705 -60.262889862 -0.015058061 0.999417782 0.030614898 0.714127183 0.995070219 0.017980134 -0.097528860 0.269668102
-0.096916720 0.026715696 -0.994933844 -60.969791412 -0.015500543 0.999477983 0.028347619 0.723723769 0.995171726 0.018169375 -0.096452005 0.198771000
-0.094503760 0.026037302 -0.995184004 -61.664527893 -0.018357931 0.999442339 0.027892003 0.726974905 0.995355129 0.020905416 -0.093973070 0.124593258
-0.090004221 0.026855867 -0.995579243 -62.359783173 -0.018422147 0.999420404 0.028624922 0.733346462 0.995770931 0.020917069 -0.089457311 0.053493023
-0.084372163 0.028708359 -0.996020615 -63.015937805 -0.018203503 0.999373615 0.030347006 0.734796643 0.996267974 0.020691505 -0.083796710 -0.002243519
-0.077093616 0.030158464 -0.996567667 -63.656036377 -0.016922928 0.999359012 0.031552080 0.742971897 0.996880233 0.019297311 -0.076533809 -0.047577381
-0.068221860 0.031289116 -0.997179389 -64.293693542 -0.018184138 0.999303102 0.032599822 0.749059319 0.997504413 0.020356867 -0.067605346 -0.092350483
-0.056376714 0.033270616 -0.997855067 -64.916374207 -0.020200768 0.999202132 0.034456823 0.754885316 0.998205185 0.022100003 -0.055659629 -0.130518436
-0.041451201 0.034569561 -0.998542309 -65.520690918 -0.023196004 0.999098659 0.035551723 0.765406728 0.998871148 0.024635855 -0.040611949 -0.157748938
-0.023131970 0.035875767 -0.999088585 -66.116668701 -0.024243964 0.999041855 0.036435422 0.773440361 0.999438405 0.025064688 -0.022240032 -0.165308118
-0.001211338 0.036735326 -0.999324322 -66.681411743 -0.025598289 0.998996437 0.036754306 0.784821153 0.999671578 0.025625516 -0.000269763 -0.148082435
0.024612462 0.036894280 -0.999016047 -67.198448181 -0.025226096 0.999023497 0.036273066 0.791544676 0.999378741 0.024308508 0.025519127 -0.127656460
0.054046772 0.036205262 -0.997881889 -67.723068237 -0.023811745 0.999105036 0.034959968 0.801317692 0.998254478 0.021871833 0.054860506 -0.081631184
0.088366657 0.035885699 -0.995441437 -68.229347229 -0.022580653 0.999166191 0.034015462 0.811935306 0.995831966 0.019471887 0.089103289 -0.016407967
0.125774324 0.035978030 -0.991406322 -68.701103210 -0.022165067 0.999194622 0.033448707 0.819870710 0.991811156 0.017767597 0.126470491 0.071735382
0.167184234 0.036574308 -0.985247076 -69.153739929 -0.022152286 0.999198854 0.033333249 0.812100649 0.985676765 0.016252682 0.167860508 0.160997391
0.212214351 0.037223525 -0.976513982 -69.580917358 -0.021468505 0.999210656 0.033423197 0.824275970 0.976987302 0.013871409 0.212845966 0.276829720
0.260042012 0.035896514 -0.964929760 -70.004249573 -0.017745346 0.999317706 0.032393534 0.818750501 0.965434253 0.008699334 0.260501593 0.435958862
0.310205102 0.031096160 -0.950160980 -70.406387329 -0.010133163 0.999516249 0.029403189 0.816431403 0.950615644 0.000507119 0.310370147 0.608098984
0.361999005 0.026437139 -0.931803584 -70.752861023 -0.005720027 0.999641955 0.026139656 0.812309206 0.932160974 -0.004132589 0.362020642 0.774324417
0.414183885 0.021804210 -0.909932017 -71.136749268 -0.000753125 0.999720871 0.023612961 0.818310559 0.910192966 -0.009094818 0.414084703 0.993043900
0.465511322 0.020876648 -0.884795725 -71.516555786 -0.001155762 0.999735236 0.022980556 0.833209097 0.885041177 -0.009675098 0.465412229 1.227909088
0.513444245 0.019886814 -0.857892513 -71.882644653 0.000608627 0.999722779 0.023538837 0.834188461 0.858122766 -0.012608017 0.513289750 1.488765717
0.558308899 0.015046237 -0.829496801 -72.236740112 0.008617377 0.999676466 0.023933215 0.845947027 0.829588473 -0.020510210 0.557998538 1.780185699
0.601865768 0.008480055 -0.798552334 -72.553581238 0.019047551 0.999506712 0.024970112 0.844870448 0.798370063 -0.030239116 0.601407349 2.086544037
0.645639598 0.004579056 -0.763628542 -72.854454041 0.019399669 0.999560952 0.022396022 0.836822808 0.763395786 -0.029273901 0.645267308 2.370437622
0.686946154 -0.000303232 -0.726708293 -73.159759521 0.016857665 0.999737442 0.015518136 0.840255320 0.726512790 -0.022910727 0.686770976 2.691154480
0.727514088 -0.007097881 -0.686056018 -73.441635132 0.013396284 0.999902904 0.003860902 0.845615864 0.685961902 -0.011999463 0.727538586 3.030593872
0.766530633 -0.010083042 -0.642128706 -73.712310791 0.008949537 0.999947369 -0.005018335 0.852874517 0.642145455 -0.001900051 0.766580462 3.397888184
0.803297520 -0.009617159 -0.595500231 -73.940460205 0.006557764 0.999951780 -0.007302867 0.839113891 0.595541775 0.001961225 0.803321898 3.765758514
0.837035358 -0.011043862 -0.547037303 -74.172264099 0.007227584 0.999932170 -0.009128023 0.834723115 0.547101021 0.003686719 0.837058485 4.192562103
0.867348790 -0.009810902 -0.497603953 -74.392639160 0.004674276 0.999922097 -0.011567252 0.829880953 0.497678638 0.007706903 0.867327213 4.637992859
0.892863452 -0.008359462 -0.450249940 -74.590560913 0.004152214 0.999938011 -0.010331114 0.815621376 0.450308383 0.007354740 0.892842829 5.111959457
0.914342344 -0.001986996 -0.404937238 -74.810340881 -0.002100117 0.999951243 -0.009648713 0.808763742 0.404936731 0.009672644 0.914293587 5.606412888
0.931679666 0.002182092 -0.363274336 -74.992614746 -0.006822981 0.999910712 -0.011492513 0.802934110 0.363216788 0.013185955 0.931611359 6.121555328
0.945079446 0.007399160 -0.326756805 -75.169776917 -0.011315281 0.999885142 -0.010085572 0.794170976 0.326644629 0.013229012 0.945054770 6.662139893
0.954953134 0.007831055 -0.296653330 -75.322364807 -0.010720097 0.999909699 -0.008113318 0.780205965 0.296562910 0.010927990 0.954950869 7.209932327
0.962282300 0.007595455 -0.271946996 -75.484741211 -0.009811538 0.999928832 -0.006790122 0.771416366 0.271876067 0.009202233 0.962288260 7.787246704
0.968058705 0.007906063 -0.250599265 -75.630218506 -0.009425349 0.999943733 -0.004863022 0.764934838 0.250546694 0.007069676 0.968078792 8.385240555
0.972611010 0.010081672 -0.232220545 -75.771705627 -0.010861396 0.999938846 -0.002079295 0.754552901 0.232185394 0.004544584 0.972661018 9.001399994
0.976156354 0.015314192 -0.216527700 -75.925605774 -0.015926156 0.999872565 -0.001081511 0.750947893 0.216483548 0.004504179 0.976275921 9.646248817
0.978826046 0.018530272 -0.203853697 -76.045249939 -0.018855924 0.999822199 0.000344905 0.740459085 0.203823835 0.003506248 0.979001284 10.278962135
0.981451511 0.017824614 -0.190879777 -76.184013367 -0.018123796 0.999835670 0.000178427 0.731024623 0.190851599 0.003284350 0.981613398 10.963280678
0.984038591 0.017935731 -0.177049145 -76.301284790 -0.018237898 0.999833643 -0.000079337 0.721667647 0.177018285 0.003307075 0.984202027 11.643016815
0.986544132 0.018002415 -0.162501320 -76.411933899 -0.018208601 0.999834120 0.000220583 0.720318854 0.162478372 0.002741307 0.986708283 12.340440750
0.988776863 0.019564791 -0.148113176 -76.519035339 -0.019663820 0.999806345 0.000795793 0.712484717 0.148100078 0.002125610 0.988970101 13.046703339
0.990603566 0.020143541 -0.135273740 -76.627517700 -0.020595836 0.999786019 -0.001944796 0.698425531 0.135205626 0.004712597 0.990806401 13.785142899
0.992007613 0.020681608 -0.124472640 -76.718612671 -0.021763572 0.999736190 -0.007338747 0.684676230 0.124288052 0.009989060 0.992195904 14.511614799
0.993215859 0.018835323 -0.114750847 -76.803405762 -0.020500287 0.999700725 -0.013346461 0.673023582 0.114465155 0.015608341 0.993304670 15.252614021
0.994152844 0.018784463 -0.106336072 -76.887710571 -0.020358147 0.999698400 -0.013733001 0.662441432 0.106046043 0.015817504 0.994235456 16.008535385
0.994803846 0.020406988 -0.099744081 -76.965454102 -0.021229561 0.999748766 -0.007192302 0.642502248 0.099572279 0.009272453 0.994987130 16.780838013
0.995214343 0.025158906 -0.094421417 -77.044685364 -0.025197396 0.999682248 0.000784825 0.623031080 0.094411187 0.001598106 0.995531976 17.546377182
0.995576620 0.025224697 -0.090504050 -77.109436035 -0.024925666 0.999679387 0.004432976 0.613248229 0.090586878 -0.002157493 0.995886266 18.313133240
0.995914161 0.025300862 -0.086689934 -77.211494446 -0.025118342 0.999679327 0.003195805 0.598006725 0.086743020 -0.001005240 0.996230185 19.129306793
0.996190250 0.025014073 -0.083542839 -77.278457642 -0.024903333 0.999687076 0.002367503 0.586477518 0.083575904 -0.000277988 0.996501327 19.895376205
0.996490538 0.023815090 -0.080247134 -77.345588684 -0.023509163 0.999712229 0.004755077 0.575150967 0.080337293 -0.002851846 0.996763647 20.664773941
0.996727109 0.021521343 -0.077923283 -77.411979675 -0.021057073 0.999755323 0.006774917 0.568329215 0.078050002 -0.005111909 0.996936381 21.451190948
0.997005582 0.018845022 -0.074998818 -77.468009949 -0.018194400 0.999790788 0.009349030 0.553935826 0.075159296 -0.007956477 0.997139871 22.207771301
0.997182548 0.018588785 -0.072673425 -77.515930176 -0.018268839 0.999820292 0.005064849 0.546047449 0.072754532 -0.003722921 0.997342944 22.963762283
0.997256100 0.021371221 -0.070876695 -77.577674866 -0.021588046 0.999764323 -0.002294524 0.536060035 0.070810959 0.003818318 0.997482479 23.715044022
0.997369766 0.022667954 -0.068845913 -77.637641907 -0.023383729 0.999680400 -0.009608665 0.515671194 0.068606108 0.011193266 0.997581065 24.462684631
0.997393608 0.023320813 -0.068278804 -77.686058044 -0.024312872 0.999610126 -0.013734705 0.501030624 0.067931890 0.015358960 0.997571766 25.220001221
0.997515142 0.024930980 -0.065892071 -77.744873047 -0.025778163 0.999595344 -0.012038323 0.478515863 0.065565266 0.013706992 0.997754097 25.970218658
0.997592270 0.028234238 -0.063344792 -77.804641724 -0.028799467 0.999553025 -0.008027654 0.457042307 0.063089810 0.009832622 0.997959375 26.732486725
0.997655571 0.031360365 -0.060827963 -77.863227844 -0.031592458 0.999496698 -0.002857378 0.438293815 0.060707752 0.004772385 0.998144150 27.492000580
0.997862697 0.029065553 -0.058524575 -77.908088684 -0.029187556 0.999573231 -0.001230796 0.424174756 0.058463808 0.002936355 0.998285115 28.245372772
0.998031437 0.026407477 -0.056884695 -77.954750061 -0.026500735 0.999648511 -0.000885656 0.405626178 0.056841295 0.002391399 0.998380303 28.997722626
0.998133063 0.024880411 -0.055780128 -77.996940613 -0.024972109 0.999687731 -0.000947388 0.388821334 0.055739153 0.002338567 0.998442590 29.746349335
0.998180032 0.024614055 -0.055052120 -78.040466309 -0.024835292 0.999686003 -0.003338173 0.380131364 0.054952666 0.004699334 0.998477876 30.490444183
0.998288035 0.022415066 -0.054022547 -78.088699341 -0.022693085 0.999732196 -0.004538291 0.365832418 0.053906355 0.005756460 0.998529315 31.252819061
0.998333335 0.021388227 -0.053601764 -78.129211426 -0.021654334 0.999755919 -0.004388539 0.350970387 0.053494815 0.005541935 0.998552740 32.014175415
0.998311937 0.024688328 -0.052571747 -78.182693481 -0.024901841 0.999684155 -0.003410128 0.337666124 0.052470945 0.004713506 0.998611331 32.786750793
0.998323977 0.024795214 -0.052293122 -78.231498718 -0.025060326 0.999676168 -0.004420035 0.325165153 0.052166592 0.005723109 0.998621941 33.559314728
0.998252630 0.024648033 -0.053704716 -78.282562256 -0.024904229 0.999681354 -0.004106316 0.306957781 0.053586397 0.005436615 0.998548329 34.326213837
0.998195231 0.022597793 -0.055638071 -78.329193115 -0.022834692 0.999732614 -0.003625666 0.293635249 0.055541266 0.004889600 0.998444378 35.110054016
0.997991323 0.024004115 -0.058624875 -78.384681702 -0.024272872 0.999697924 -0.003876494 0.281378329 0.058514111 0.005291701 0.998272538 35.904251099
0.997731328 0.027756980 -0.061332166 -78.446693420 -0.028044859 0.999599278 -0.003837717 0.261332363 0.061201062 0.005549062 0.998110056 36.694614410
0.997535527 0.028142100 -0.064272575 -78.503623962 -0.028771484 0.999546528 -0.008887721 0.247403055 0.063993298 0.010715035 0.997892857 37.495899200
0.997332156 0.029738883 -0.066664837 -78.568161011 -0.030644974 0.999450803 -0.012610371 0.239587963 0.066253215 0.014619672 0.997695863 38.281707764
0.997258484 0.029032750 -0.068064705 -78.637008667 -0.030041782 0.999452770 -0.013847976 0.217556536 0.067625403 0.015854795 0.997584760 39.090465546
0.997120023 0.030111860 -0.069605172 -78.712036133 -0.031020330 0.999446630 -0.012007683 0.190821528 0.069205076 0.014132276 0.997502327 39.908252716
0.996940136 0.027763458 -0.073072918 -78.752258301 -0.028711287 0.999516308 -0.011952488 0.178018153 0.072705731 0.014013931 0.997254968 40.725433350
0.996830583 0.027028255 -0.074822091 -78.816200256 -0.027858429 0.999561071 -0.010073756 0.161619753 0.074516967 0.012126251 0.997146130 41.562038422
0.996776164 0.026509138 -0.075726226 -78.886482239 -0.027071135 0.999612987 -0.006404500 0.144521803 0.075527139 0.008433847 0.997108042 42.399402618
0.996697843 0.026181769 -0.076862380 -78.951713562 -0.026351281 0.999652088 -0.001191928 0.126543477 0.076804407 0.003213414 0.997040987 43.243427277
0.996773183 0.026510037 -0.075766087 -79.026573181 -0.026531857 0.999647737 0.000718748 0.111688256 0.075758442 0.001293789 0.997125328 44.090393066
0.996828496 0.029615143 -0.073863380 -79.100906372 -0.029634034 0.999560475 0.000840381 0.100546762 0.073855795 0.001351155 0.997268021 44.972942352
0.996991634 0.029627014 -0.071623586 -79.168457031 -0.029749077 0.999557197 -0.000637849 0.091405347 0.071572967 0.002766666 0.997431517 45.831764221
0.997151315 0.027052728 -0.070408374 -79.230232239 -0.027348686 0.999620736 -0.003242614 0.080403879 0.070293948 0.005158953 0.997513056 46.698051453
0.997361422 0.023658773 -0.068633497 -79.290031433 -0.024020443 0.999701500 -0.004449011 0.058354065 0.068507731 0.006085878 0.997631967 47.555759430
0.997535348 0.022384103 -0.066499844 -79.353393555 -0.022765862 0.999728322 -0.004988423 0.048477620 0.066370100 0.006490054 0.997773945 48.430675507
0.997643650 0.020258699 -0.065549657 -79.411918640 -0.020447658 0.999788463 -0.002213030 0.027841523 0.065490961 0.003548152 0.997846782 49.297737122
0.997745335 0.017616944 -0.064760685 -79.468429565 -0.017631490 0.999844491 0.000346915 0.010424741 0.064756706 0.000795695 0.997900784 50.180149078
0.997818172 0.016973609 -0.063803904 -79.527038574 -0.016966619 0.999855816 0.000651392 -0.006244957 0.063805752 0.000432566 0.997962296 51.051006317
0.997868776 0.018766062 -0.062495496 -79.592697144 -0.018967742 0.999816597 -0.002635363 -0.022551671 0.062434573 0.003815145 0.998041749 51.911445618
0.997854292 0.021114098 -0.061976992 -79.656425476 -0.021688791 0.999727666 -0.008614576 -0.037117124 0.061778225 0.009940298 0.998040438 52.778209686
0.997861683 0.023026550 -0.061170973 -79.715682983 -0.023898827 0.999622345 -0.013566358 -0.067937970 0.060835488 0.014999264 0.998035192 53.644126892
0.997793436 0.027528131 -0.060419291 -79.778099060 -0.028729847 0.999404550 -0.019111728 -0.095275521 0.059857193 0.020805396 0.997990131 54.496505737
0.997855902 0.027961686 -0.059176154 -79.834701538 -0.029189302 0.999374092 -0.019983299 -0.125166178 0.058580346 0.021667764 0.998047471 55.347862244
0.997955799 0.025107499 -0.058769591 -79.895385742 -0.025995005 0.999558628 -0.014385915 -0.144024193 0.058382452 0.015884226 0.998167872 56.199470520
0.997947693 0.023937203 -0.059391979 -79.948364258 -0.024287488 0.999691606 -0.005182845 -0.173605263 0.059249599 0.006614691 0.998221278 57.071311951
0.997901857 0.022572631 -0.060681801 -80.001380920 -0.022455856 0.999744475 0.002605766 -0.196255863 0.060725119 -0.001237636 0.998153746 57.926116943
0.997816265 0.020967290 -0.062634692 -80.062110901 -0.020964719 0.999779940 0.000698292 -0.214493558 0.062635556 0.000616352 0.998036265 58.762329102
0.997807682 0.015613111 -0.064312182 -80.122894287 -0.015848646 0.999869466 -0.003153885 -0.227381960 0.064254530 0.004166232 0.997924864 59.605430603
0.997636080 0.014148734 -0.067246705 -80.176399231 -0.014472773 0.999885857 -0.004333925 -0.248635441 0.067177705 0.005296925 0.997726977 60.431884766
0.997394621 0.016110498 -0.070316434 -80.237709045 -0.016636362 0.999837816 -0.006899271 -0.266594172 0.070193879 0.008051106 0.997500896 61.255554199
0.997156739 0.017915262 -0.073194504 -80.311614990 -0.018686173 0.999776721 -0.009861190 -0.292468250 0.073001504 0.011200878 0.997268915 62.069648743
0.996850491 0.018482544 -0.077119939 -80.385833740 -0.019574659 0.999718249 -0.013429402 -0.311751187 0.076849997 0.014896702 0.996931374 62.882595062
0.996545315 0.020951724 -0.080365300 -80.456039429 -0.022386814 0.999604821 -0.016997749 -0.342109442 0.079977401 0.018738149 0.996620476 63.693050385
0.996188879 0.025371213 -0.083451077 -80.546012878 -0.026896607 0.999490261 -0.017205575 -0.366116166 0.082972012 0.019384554 0.996363342 64.489707947
0.995793283 0.029024186 -0.086911559 -80.627441406 -0.030460346 0.999419749 -0.015243775 -0.389872789 0.086418696 0.017827002 0.996099412 65.294410706
0.995386481 0.031903900 -0.090486951 -80.715019226 -0.032867026 0.999417603 -0.009173406 -0.414406359 0.090141572 0.012105118 0.995855391 66.095428467
0.994959831 0.032385483 -0.094901249 -80.796264648 -0.032856047 0.999454319 -0.003399664 -0.437257081 0.094739355 0.006500607 0.995480895 66.909156799
0.994522691 0.031276681 -0.099732891 -80.880401611 -0.031428743 0.999505997 0.000046530 -0.454577774 0.099685073 0.003088203 0.995014191 67.699829102
0.993856013 0.030848021 -0.106294595 -80.969879150 -0.030905820 0.999521613 0.001103850 -0.467338890 0.106277786 0.002188053 0.994334042 68.489807129
0.993348777 0.028343091 -0.111601397 -81.066642761 -0.027978728 0.999596834 0.004829981 -0.480358481 0.111693300 -0.001675390 0.993741274 69.269515991
0.992527306 0.029667785 -0.118361183 -81.160614014 -0.029345496 0.999559402 0.004465249 -0.492755026 0.118441500 -0.000958515 0.992960572 70.052139282
0.991664946 0.034427069 -0.124159314 -81.272186279 -0.034225035 0.999407172 0.003760432 -0.505317390 0.124215156 0.000520269 0.992255151 70.822731018
0.990874529 0.036603518 -0.129722387 -81.390556335 -0.036879849 0.999319673 0.000272262 -0.517771065 0.129644096 0.004514365 0.991550267 71.585296631
0.990051270 0.034959655 -0.136294991 -81.496047974 -0.035675842 0.999359488 -0.002814858 -0.525708854 0.136109307 0.007649293 0.990664303 72.343887329
0.989259422 0.036239084 -0.141606897 -81.614097595 -0.037151866 0.999302447 -0.003806556 -0.541747689 0.141370162 0.009026633 0.989915609 73.108421326
0.988511741 0.038300686 -0.146211147 -81.736366272 -0.038546853 0.999256194 0.001150257 -0.550636649 0.146146402 0.004498937 0.989252806 73.877761841
0.987627506 0.038650382 -0.151980802 -81.866348267 -0.038256850 0.999252617 0.005513786 -0.562522173 0.152080372 0.000368740 0.988368094 74.642021179
0.986656010 0.038179897 -0.158278957 -81.993049622 -0.037403088 0.999269068 0.007884869 -0.580271840 0.158464327 -0.001859533 0.987363040 75.400367737
0.985610962 0.035948027 -0.165162832 -82.128776550 -0.035734627 0.999352157 0.004264330 -0.589524150 0.165209159 0.001699062 0.986257136 76.150459290
0.984213591 0.033157468 -0.173851058 -82.268745422 -0.034188725 0.999410987 -0.002939712 -0.597538948 0.173651189 0.008837053 0.984767556 76.900291443
0.982619822 0.030915039 -0.183037147 -82.402908325 -0.032264423 0.999469697 -0.004398146 -0.613156021 0.182804108 0.010227294 0.983096123 77.624771118
0.980657041 0.030177778 -0.193393707 -82.561134338 -0.031059725 0.999516308 -0.001529306 -0.624722660 0.193254024 0.007506479 0.981119931 78.366340637
0.978401959 0.030628344 -0.204429984 -82.724227905 -0.030337077 0.999529302 0.004559392 -0.633875787 0.204473406 0.001740889 0.978870571 79.107894897
0.975842357 0.031976543 -0.216123566 -82.903846741 -0.030066840 0.999474406 0.012119188 -0.637390137 0.216397494 -0.005328262 0.976290703 79.842414856
0.973207593 0.033024557 -0.227544129 -83.067222595 -0.030161472 0.999416232 0.016049217 -0.646417379 0.227941334 -0.008756154 0.973635554 80.555366516
0.970297635 0.036153167 -0.239197254 -83.260162354 -0.034418885 0.999342263 0.011424974 -0.653566599 0.239452958 -0.002852723 0.970903814 81.269317627
0.967338443 0.036276594 -0.250878781 -83.464233398 -0.036810014 0.999319017 0.002567560 -0.661609292 0.250801086 0.006751152 0.968015134 81.971794128
0.964227378 0.033993356 -0.262887627 -83.674987793 -0.035771251 0.999358118 -0.001978355 -0.666256666 0.262651592 0.011311401 0.964824438 82.683090210
0.960839331 0.031815208 -0.275273502 -83.874755859 -0.032223310 0.999476016 0.003040998 -0.679214716 0.275225997 0.005948316 0.961361170 83.388793945
0.957495332 0.033009067 -0.286553711 -84.100509644 -0.031372674 0.999454677 0.010301305 -0.685444355 0.286737502 -0.000873496 0.958008826 84.112922668
0.953893423 0.032919541 -0.298334777 -84.335220337 -0.029626315 0.999439955 0.015555549 -0.688879013 0.298679799 -0.005999780 0.954334557 84.823326111
0.949885249 0.030411692 -0.311116159 -84.577423096 -0.027398556 0.999525845 0.014051963 -0.694829583 0.311396003 -0.004823617 0.950267971 85.534461975
0.946251392 0.029051386 -0.322124660 -84.831222534 -0.027322603 0.999577761 0.009887669 -0.701900005 0.322275907 -0.000554936 0.946645677 86.230018616
0.943150401 0.024495289 -0.331462473 -85.078460693 -0.024856413 0.999686003 0.003150483 -0.708805084 0.331435621 0.005267589 0.943463087 86.925750732
0.940440178 0.020563643 -0.339336723 -85.336212158 -0.022775097 0.999737442 -0.002535456 -0.716910601 0.339195490 0.010112872 0.940661550 87.629219055
0.937844753 0.020011518 -0.346477509 -85.605552673 -0.023107387 0.999721408 -0.004806079 -0.723223448 0.346284866 0.012513547 0.938046038 88.333915710
0.934770763 0.025800467 -0.354313552 -85.891159058 -0.029305952 0.999560177 -0.004530503 -0.741445780 0.354040861 0.014618478 0.935115755 89.039695740
0.931833982 0.026252642 -0.361934155 -86.174880981 -0.028947925 0.999578893 -0.002025432 -0.758336782 0.361728549 0.012364609 0.932201445 89.733932495
0.928698063 0.026427442 -0.369893849 -86.454978943 -0.026617907 0.999635100 0.004589959 -0.763652086 0.369880199 0.005583115 0.929062605 90.442260742
0.925901532 0.028101668 -0.376718521 -86.743469238 -0.025133105 0.999602199 0.012793940 -0.768496990 0.376928210 -0.002377823 0.926239371 91.153274536
0.923311234 0.038064782 -0.382161766 -87.061492920 -0.033115290 0.999260843 0.019522961 -0.777400732 0.382622391 -0.005370371 0.923889160 91.855766296
0.920716047 0.044953577 -0.387635231 -87.379043579 -0.041699022 0.998988807 0.016807446 -0.781894922 0.387998760 0.000689125 0.921659648 92.546463013
0.918303490 0.041771289 -0.393667251 -87.668220520 -0.041346442 0.999099076 0.009564105 -0.786358476 0.393712074 0.007493988 0.919203162 93.213775635
0.916407287 0.033568591 -0.398836911 -87.976165771 -0.035879616 0.999354780 0.001671336 -0.782739818 0.398635685 0.012778491 0.917020261 93.935882568
0.914875150 0.033923239 -0.402309328 -88.293281555 -0.036568802 0.999330699 0.001105216 -0.786603391 0.402077436 0.013700837 0.915503204 94.628234863
0.912578285 0.040132802 -0.406928062 -88.626029968 -0.041004423 0.999137402 0.006582111 -0.797973275 0.406841159 0.010679157 0.913436532 95.329788208
0.910138309 0.043014403 -0.412065476 -88.950714111 -0.042155828 0.999048591 0.011177439 -0.806463122 0.412154138 0.007197948 0.911085665 96.023864746
0.907934725 0.039265718 -0.417268217 -89.264572144 -0.038987059 0.999197423 0.009194330 -0.818967104 0.417294353 0.007920211 0.908736944 96.704071045
0.905885756 0.038834885 -0.421738178 -89.608749390 -0.041334245 0.999140263 0.003218587 -0.827747107 0.421500564 0.014516557 0.906711936 97.385459900
0.903552532 0.034941427 -0.427050054 -89.938911438 -0.040442113 0.999174654 -0.003814512 -0.830225706 0.426564246 0.020717416 0.904219925 98.097923279
